Category 1,Category 2,Category 3,Category 4,Category 5,Category 6,Category 7,Category 8,Category 9,Category 10
0.3390804597701149,0.5187837837837838,0.45994269340974214,0.48453608247422675,0.31896551724137934,0.7037037037037038,0.7499999999999858,0.38541666666666696,0.45,0.18421052631578938
0.3908045977011494,0.7432432432432433,0.7249283667621776,0.44690721649484494,0.5049137931034483,0.9382716049382718,0.9149999999999952,0.21875,0.46666666666666673,0.11842105263157876
0.5057471264367815,0.2702702702702703,0.11747851002865328,0.5379381443298965,0.20379310344827595,0.4320987654320988,0.5,0.39583333333333304,0.2375,0.23684210526315774
0.06321839080459771,0.6081081081081081,0.04584527220630371,0.3014432989690717,0.17241379310344832,0.425925925925926,0.5,0.5625,0.3458333333333334,0.4736842105263155
0.09770114942528732,0.4054054054054054,0.30085959885386815,0.4329896907216494,0.4357758620689654,0.580246913580247,0.5974999999999945,0.375,0.1833333333333333,0.26315789473684204
0.37356321839080453,0.43243243243243246,0.16905444126074495,0.1237113402061856,0.2931034482758621,0.40925925925925943,0.2499999999999858,0.4895833333333335,0.28833333333333344,0.9999999999999998
0.32183908045977017,0.4594594594594595,0.07338108882521496,0.18402061855670077,0.3448275862068966,0.4444444444444445,0.2499999999999858,0.25,0.2,0.7635526315789476
0.22988505747126434,0.4729729729729729,0.025787965616045842,0.268041237113402,0.3275862068965517,0.40851851851851867,0.2499999999999858,0.40625,0.3333333333333333,0.48684210526315774
0.31919540229885085,0.5945945945945946,0.26074498567335247,0.5051546391752577,0.3275862068965517,0.6172839506172841,0.5024999999999998,0.38541666666666696,0.2791666666666666,0.26315789473684204
0.20689655172413787,0.4594594594594595,0.025787965616045842,0.11340206185567012,0.3518103448275864,0.4320987654320988,0.2499999999999858,0.4166666666666665,0.2740833333333334,0.6872368421052628
0.3348850574712646,0.33783783783783783,0.37687679083094544,0.4249484536082469,0.6896551724137931,0.808641975308642,0.5799999999999954,0.4895833333333335,0.38333333333333325,0.3157894736842104
0.3563218390804598,0.38878378378378387,0.04584527220630371,0.23711340206185563,0.353448275862069,0.5987654320987655,0.2499999999999858,0.5312500000000004,0.38333333333333325,0.8231578947368419
0.22988505747126434,0.48648648648648646,0.7507163323782234,0.30927835051546393,0.39655172413793105,0.4938271604938272,1.0,0.3837500000000001,0.26666666666666666,0.1315789473684208
0.1379310344827586,0.5540540540540541,0.5034383954154724,0.30927835051546393,0.5172413793103449,0.4876543209876543,0.7499999999999858,0.48645833333333366,0.6499999999999999,0.33210526315789474
0.3563218390804598,0.5675675675675675,0.6189111747851003,0.3711340206185566,0.4913793103448276,0.8333333333333335,0.8174999999999897,0.4166666666666665,0.5333333333333332,0.21052631578947345
0.5229885057471264,0.7882432432432431,0.4670487106017192,0.3608247422680412,0.48482758620689637,0.5987654320987655,0.7449999999999861,0.3333333333333335,0.2791666666666666,0.11842105263157876
0.29885057471264365,0.35135135135135137,0.4670487106017192,0.1958762886597938,0.0,0.29629629629629634,0.5,0.28697916666666684,0.17083333333333328,0.5526315789473684
0.1551724137931034,0.49891891891891904,0.6762177650429799,0.5257731958762886,0.5517241379310346,0.506172839506173,0.9674999999999981,0.6458333333333335,0.17083333333333328,0.18421052631578938
0.18965517241379307,0.5071621621621624,0.3524355300859599,0.42752577319587604,0.3275862068965517,1.0000000000000002,0.5,0.4583333333333335,0.43749999999999994,0.43421052631578916
0.26436781609195403,0.35135135135135137,0.33504297994269344,0.4262886597938141,0.48275862068965514,0.5679012345679013,0.6249999999999929,0.5312500000000004,0.2,0.2236842105263157
0.29885057471264365,0.4821621621621621,0.19756446991404011,0.268041237113402,0.4913793103448276,0.6296296296296298,0.4699999999999983,0.29166666666666696,0.13333333333333336,0.5263157894736841
0.3563218390804598,0.4556756756756756,0.002865329512893984,0.27835051546391754,0.4310344827586208,0.5987654320987655,0.2499999999999858,0.3333333333333335,0.17083333333333328,0.6485526315789478
0.3390804597701149,0.39189189189189183,0.04584527220630371,0.268041237113402,0.2849137931034482,0.37654320987654327,0.0,0.3333333333333335,0.25000000000000006,0.7686842105263156
0.11494252873563218,0.48648648648648646,0.0487106017191977,0.268041237113402,0.4137931034482759,0.3662962962962966,0.2499999999999858,0.3020833333333335,0.4124999999999999,0.5921052631578945
0.5057471264367815,0.3243243243243243,0.2922636103151862,0.4318556701030925,0.4482758620689656,0.580246913580247,0.5,0.3645833333333335,0.49166666666666664,0.32223684210526293
0.1551724137931034,0.9594594594594594,0.7650429799426933,0.3402061855670102,0.2155172413793104,0.425925925925926,0.8549999999999918,0.125,0.35833333333333334,0.26315789473684204
0.24712643678160914,0.5675675675675675,0.4900286532951286,0.6185567010309277,0.4737068965517242,0.7716049382716051,0.7499999999999858,0.15625,0.25000000000000006,0.1578947368421051
0.2121264367816092,0.43243243243243246,0.3123209169054441,0.3664948453608243,0.4424137931034484,0.54320987654321,0.5,0.38541666666666696,0.2,0.17105263157894712
0.1648850574712643,0.4054054054054054,0.02200573065902579,0.23711340206185563,0.20689655172413796,0.19135802469135804,0.2499999999999858,0.28125,0.3708333333333333,0.5263157894736841
0.17241379310344826,0.39189189189189183,0.66836676217765,0.30927835051546393,0.767241379310345,0.6338271604938271,1.0,0.34375,0.3333333333333333,0.21052631578947345
0.22988505747126434,0.43243243243243246,0.5759312320916905,0.3608247422680412,0.3793103448275862,0.5220987654320985,0.7399999999999863,0.375,0.3166666666666667,0.1315789473684208
0.20689655172413787,0.4687837837837839,0.5618624641833807,0.4948453608247422,0.28448275862068967,0.6111111111111113,0.7499999999999858,0.23958333333333348,0.2903333333333331,0.18421052631578938
0.24971264367816098,0.4209459459459461,0.2570487106017193,0.268041237113402,0.46198275862068977,0.6419753086419755,0.5,0.39583333333333304,0.24308333333333323,0.381578947368421
0.3016666666666669,0.3783783783783784,0.02292263610315185,0.4432989690721648,0.39655172413793105,0.7283950617283952,0.5,0.5,0.49166666666666664,0.39473684210526305
0.3563218390804598,0.39189189189189183,0.09169054441260743,0.14432989690721645,0.3436206896551726,0.39506172839506176,0.5,0.3951041666666666,0.2924583333333335,0.5153947368421055
0.31034482758620685,0.3243243243243243,0.30085959885386815,0.28865979381443296,0.2931034482758621,0.425925925925926,0.5649999999999963,0.614583333333333,0.33708333333333323,0.316315789473684
0.20689655172413787,0.47540540540540555,0.2922636103151862,0.1752577319587629,0.14655172413793105,0.29629629629629634,0.49749999999999983,0.40020833333333344,0.425,0.588947368421053
0.3908045977011494,0.4594594594594595,0.22349570200573063,0.3608247422680412,0.28448275862068967,0.33333333333333337,0.5,0.510416666666667,0.49166666666666664,0.6973684210526316
0.20689655172413787,0.5135135135135135,0.6418338108882521,0.45412371134020596,0.3448275862068966,0.4753086419753087,1.0,0.4583333333333335,0.35833333333333334,0.2894736842105261
0.5977011494252873,0.36486486486486486,0.014326647564469906,0.48453608247422675,0.22741379310344845,0.40740740740740744,0.5,0.4791666666666665,0.38333333333333325,0.18421052631578938
0.37356321839080453,0.4189189189189189,0.005730659025787961,0.09278350515463915,0.5689655172413793,0.5679012345679013,0.2499999999999858,0.19791666666666652,0.1166666666666667,0.605263157894737
0.1379310344827586,0.5,0.01719197707736389,0.268041237113402,0.18965517241379312,0.25925925925925924,0.0,0.3333333333333335,0.3458333333333334,0.6293421052631578
0.18965517241379307,0.4522972972972972,0.13753581661891115,0.09278350515463915,0.45,0.54320987654321,0.5,0.4166666666666665,0.21249999999999997,0.48684210526315774
0.3908045977011494,0.6756756756756757,0.08309455587392547,0.42268041237113396,0.17241379310344832,0.5556790123456791,0.5,0.4583333333333335,0.5458333333333332,0.3421052631578947
0.17241379310344826,0.5540540540540541,0.06017191977077364,0.48453608247422675,0.25000000000000006,0.6419753086419755,0.5,0.7083333333333335,0.4315416666666665,0.43421052631578916
0.47040229885057466,0.4729729729729729,0.13753581661891115,0.24742268041237112,0.27586206896551724,0.4416049382716051,0.2499999999999858,0.5,0.29454166666666676,0.8157894736842104
0.02298850574712641,0.36486486486486486,0.1833810888252149,0.1958762886597938,0.25120689655172407,0.40740740740740744,0.5,0.46916666666666684,0.6000000000000001,0.4503947368421052
0.32183908045977017,0.4054054054054054,0.31805157593123207,0.20618556701030924,0.353448275862069,0.5308641975308643,0.5,0.4583333333333335,0.30416666666666664,0.5263157894736841
0.06321839080459771,0.47783783783783784,0.03724928366762178,0.25773195876288657,0.2155172413793104,0.4753086419753087,0.5,0.5,0.2916666666666667,0.381578947368421
0.1551724137931034,0.36486486486486486,0.5988538681948424,0.5154639175257731,0.4913793103448276,0.5925925925925927,0.7499999999999858,0.20833333333333348,0.2375,0.1315789473684208
0.3908045977011494,0.4054054054054054,0.0487106017191977,0.23711340206185563,0.4256034482758623,0.54320987654321,0.2499999999999858,0.5312500000000004,0.25000000000000006,0.8421052631578945
0.045977011494252845,0.5,0.5530085959885386,0.3402061855670102,0.3879310344827586,0.3888888888888889,0.5,0.3020833333333335,0.425,0.4736842105263155
0.26436781609195403,0.5212162162162162,0.1518624641833811,0.3298969072164948,0.48163793103448255,0.6296296296296298,0.5,0.17708333333333304,0.4791666666666666,0.5789473684210524
0.3908045977011494,0.21621621621621623,0.28366762177650434,0.3711340206185566,0.3237068965517244,0.5185185185185186,0.5,0.4166666666666665,0.3716249999999999,0.27631578947368407
0.3908045977011494,0.4054054054054054,0.06876790830945559,0.4432989690721648,0.20689655172413796,0.48148148148148145,0.2499999999999858,0.375,0.2697916666666666,0.7753947368421055
0.1551724137931034,0.5675675675675675,0.09455587392550141,0.2268041237113402,0.3448275862068966,0.29629629629629634,0.28499999999998865,0.5416666666666665,0.2375,0.644736842105263
0.26436781609195403,0.43000000000000016,0.4483954154727794,0.44938144329896884,0.4310344827586208,0.6604938271604939,0.7499999999999858,0.4583333333333335,0.2916666666666667,0.2236842105263157
0.3390804597701149,0.4009459459459459,0.18624641833810887,0.24680412371133972,0.27586206896551724,0.48148148148148145,0.5,0.4166666666666665,0.2791666666666666,0.48684210526315774
0.17241379310344826,0.4054054054054054,0.6131805157593122,0.5051546391752577,0.5862068965517242,0.7104012345679016,1.0,0.38541666666666696,0.30416666666666664,0.1578947368421051
0.2816091954022988,0.47270270270270254,0.3151862464183381,0.5051546391752577,0.4913793103448276,0.7407407407407409,0.5,0.40625,0.35833333333333334,0.26315789473684204
0.4137931034482759,0.6486486486486486,0.7257593123209165,0.41237113402061853,0.603448275862069,0.9567901234567904,1.0,0.20833333333333348,0.22500000000000003,0.1315789473684208
0.48160919540229863,0.3243243243243243,0.014326647564469906,0.30927835051546393,0.043103448275862086,0.20987654320987653,0.5,0.6354166666666665,0.1166666666666667,0.4210526315789471
0.32183908045977017,0.3783783783783784,0.025787965616045842,0.30927835051546393,0.11206896551724141,0.29629629629629634,0.5,0.4166666666666665,0.5583333333333333,0.5394736842105261
0.09770114942528732,0.5405405405405406,0.06876790830945559,0.27835051546391754,0.1810344827586207,0.37654320987654327,0.5,0.7083333333333335,0.25000000000000006,0.44447368421052613
0.23701149425287366,0.3783783783783784,0.15759312320916904,0.2268041237113402,0.46551724137931033,0.5000000000000001,0.5,0.5,0.3166666666666667,0.5723684210526314
0.6494252873563218,0.24324324324324323,0.1146131805157593,0.48453608247422675,0.1810344827586207,0.54320987654321,0.5,0.375,0.35454166666666664,0.48684210526315774
0.4200574712643681,0.43243243243243246,0.3223782234957018,0.28865979381443296,0.043103448275862086,0.28395061728395066,0.5,0.38541666666666696,0.14583333333333337,0.7894736842105263
0.2760344827586209,0.33783783783783783,0.13753581661891115,0.3608247422680412,0.31896551724137934,0.425925925925926,0.5,0.3645833333333335,0.22500000000000003,0.5263157894736841
0.09770114942528732,0.36486486486486486,0.5128939828080228,0.1958762886597938,0.2724137931034482,0.3580246913580247,0.5,0.39583333333333304,0.14583333333333337,0.48684210526315774
0.11494252873563218,0.48648648648648646,0.16905444126074495,0.3402061855670102,0.27586206896551724,0.37654320987654327,0.5,0.3333333333333335,0.3166666666666667,0.4136842105263156
0.7241379310344828,0.29054054054054046,0.07163323782234957,0.5360824742268041,0.18965517241379312,0.4197530864197531,0.5,0.4166666666666665,0.22500000000000003,0.21052631578947345
0.2816091954022988,0.35135135135135137,0.8051575931232091,0.6620618556701033,0.353448275862069,0.5308641975308643,0.9624999999999979,0.4166666666666665,0.21249999999999997,0.1315789473684208
0.22988505747126434,0.5070270270270272,0.002865329512893984,0.3298969072164948,0.5,0.56179012345679,0.2499999999999858,0.40625,0.5166666666666666,0.2894736842105261
0.32183908045977017,0.36486486486486486,0.2446418338108883,0.268041237113402,0.3275862068965517,0.506172839506173,0.5,0.4270833333333335,0.2791666666666666,0.4487499999999997
0.5574712643678161,0.4594594594594595,0.42383954154727804,0.42268041237113396,0.31034482758620696,0.5740740740740742,0.7499999999999858,0.4583333333333335,0.3708333333333333,0.18421052631578938
0.37356321839080453,1.0,0.45272206303724927,0.30927835051546393,0.560344827586207,0.5617283950617284,0.7449999999999861,0.28125,0.26666666666666666,0.11842105263157876
0.5402298850574713,0.3783783783783784,0.26074498567335247,0.20814432989690693,0.27586206896551724,0.3580246913580247,0.5,0.40625,0.46666666666666673,0.7130263157894738
0.26436781609195403,0.5945945945945946,0.47071633237822347,0.428969072164948,0.42241379310344834,0.6419753086419755,0.7499999999999858,0.38541666666666696,0.3708333333333333,0.21052631578947345
0.2816091954022988,0.36486486486486486,0.03532951289398283,0.20618556701030924,0.20689655172413796,0.28395061728395066,0.2499999999999858,0.375,0.21249999999999997,0.605263157894737
0.20689655172413787,0.35135135135135137,0.01719197707736389,0.3298969072164948,0.31034482758620696,0.7037037037037038,0.2499999999999858,0.29166666666666696,0.15833333333333338,0.5526315789473684
0.9999999999999999,0.3108108108108108,0.10633237822349566,0.25773195876288657,0.20689655172413796,0.48148148148148145,0.2499999999999858,0.677083333333333,0.3333333333333333,0.8421052631578945
0.22988505747126434,0.44594594594594594,0.22922636103151864,0.31958762886597936,0.25862068965517243,0.5185185185185186,0.5,0.4270833333333335,0.33795833333333325,0.26315789473684204
0.20689655172413787,0.505675675675676,0.09169054441260743,0.3006185567010304,0.11206896551724141,0.2222222222222222,0.2499999999999858,0.20833333333333348,0.5458333333333332,0.5921052631578945
0.33603448275862086,0.3108108108108108,0.20916905444126072,0.4432989690721648,0.25862068965517243,0.5679012345679013,0.5,0.4791666666666665,0.15833333333333338,0.3421052631578947
0.41114942528735626,0.0945945945945946,0.28366762177650434,0.3660824742268036,0.353448275862069,0.5617283950617284,0.5,0.5625,0.46666666666666673,0.3110526315789475
0.22988505747126434,0.49756756756756737,0.031518624641833796,0.1958762886597938,0.31896551724137934,0.46913580246913583,0.2499999999999858,0.46875,0.3166666666666667,0.7894736842105263
0.20689655172413787,0.25675675675675674,0.16905444126074495,0.4578350515463916,0.15517241379310345,0.4320987654320988,0.5,0.28125,0.2791666666666666,0.27631578947368407
0.17241379310344826,0.36486486486486486,0.01719197707736389,0.24742268041237112,0.18965517241379312,0.23456790123456794,0.2499999999999858,0.38541666666666696,0.1833333333333333,0.5938157894736846
0.17241379310344826,0.7972972972972973,0.002865329512893984,0.39391752577319555,0.49405172413793125,0.5456172839506175,0.5,0.3020833333333335,0.2,0.18421052631578938
0.18965517241379307,0.4231081081081082,0.26074498567335247,0.39608247422680376,0.2931034482758621,0.46296296296296297,0.5,0.4583333333333335,0.3458333333333334,0.32894736842105265
0.18143678160919532,0.3783783783783784,0.16905444126074495,0.39175257731958757,0.353448275862069,0.37654320987654327,0.5,0.40625,0.43749999999999994,0.45776315789473676
0.1264367816091954,0.39189189189189183,0.0,0.35051546391752575,0.20689655172413796,0.23456790123456794,0.2499999999999858,0.510416666666667,0.3333333333333333,0.32894736842105265
0.4367816091954023,0.5208108108108109,0.664756446991404,0.4020618556701031,0.5948275862068966,0.6604938271604939,0.7499999999999858,0.3333333333333335,0.3708333333333333,0.18421052631578938
0.17241379310344826,0.4054054054054054,0.6131805157593122,0.44938144329896856,0.5068103448275861,0.830246913580247,0.8824999999999933,0.38541666666666696,0.30416666666666664,0.1578947368421051
0.3388505747126437,0.6756756756756757,0.6036962750716331,0.5051546391752577,0.4750000000000002,0.7126543209876546,0.7674999999999871,0.2604166666666665,0.3166666666666667,0.21052631578947345
0.2293103448275862,0.4321621621621622,0.0487106017191977,0.31958762886597936,0.2155172413793104,0.5493827160493828,0.5,0.5833333333333335,0.2,0.5263157894736841
0.32183908045977017,0.48648648648648646,0.63323782234957,0.41237113402061853,0.3793103448275862,0.6172839506172841,0.7499999999999858,0.38541666666666696,0.3359166666666667,0.4473684210526314
0.32183908045977017,0.1891891891891892,0.3581661891117478,0.2268041237113402,0.31896551724137934,0.54320987654321,0.5,0.510416666666667,0.2791666666666666,0.26315789473684204
0.3908045977011494,0.2972972972972973,0.7277936962750715,0.39175257731958757,0.4137931034482759,0.506172839506173,0.7499999999999858,0.4583333333333335,0.5833333333333333,0.4210526315789471
0.2283908045977012,0.5405405405405406,0.02292263610315185,0.3298969072164948,0.9051724137931035,0.5617283950617284,0.2499999999999858,0.4583333333333335,0.329375,0.665394736842105
0.32183908045977017,0.38148648648648675,0.07163323782234957,0.3608247422680412,0.31034482758620696,0.6049382716049384,0.5,0.5,0.43749999999999994,0.4473684210526314
0.17241379310344826,0.3783783783783784,0.07736389684813752,0.2268041237113402,0.25000000000000006,0.3024691358024692,0.5,0.4563541666666666,0.425,0.605263157894737
0.3035057471264368,0.442972972972973,0.3667621776504298,0.5154639175257731,0.3879310344827586,0.6079012345679013,0.7499999999999858,0.4166666666666665,0.2791666666666666,0.18421052631578938
0.15494252873563216,0.4054054054054054,0.008595988538681945,0.30927835051546393,0.18965517241379312,0.2654320987654321,0.5,0.2604166666666665,0.43749999999999994,0.4736842105263155
0.6494252873563218,0.28378378378378377,0.1461318051575931,0.2158762886597935,0.11206896551724141,0.32098765432098764,0.2499999999999858,0.5,0.4124999999999999,0.7893421052631584
0.29885057471264365,0.2972972972972973,0.5163323782234955,0.24742268041237112,0.15517241379310345,0.4320987654320988,0.7149999999999881,0.3229166666666665,0.39999999999999997,0.21052631578947345
0.35873563218390814,0.1891891891891892,0.22922636103151864,0.39175257731958757,0.5344827586206897,0.7654320987654323,0.5,0.5416666666666665,0.4095416666666668,0.39473684210526305
0.37356321839080453,0.4054054054054054,0.07163323782234957,0.18371134020618526,0.31896551724137934,0.29629629629629634,0.0,0.3333333333333335,0.17083333333333328,0.8421052631578945
0.38114942528735624,0.013513513513513514,0.08595988538681948,0.24742268041237112,0.6206896551724138,0.4567901234567902,0.2499999999999858,0.39583333333333304,0.09166666666666667,0.6842105263157896
0.26436781609195403,0.7297297297297297,0.28051575931232103,0.39175257731958757,0.6379310344827587,0.6790123456790125,0.5,0.4270833333333335,0.625,0.4210526315789471
0.29011494252873576,0.49945945945945935,0.32091690544412604,0.5360824742268041,0.3448275862068966,0.5308641975308643,0.7499999999999858,0.5625,0.7166666666666666,0.3377631578947369
0.32183908045977017,0.36486486486486486,0.43553008595988535,0.1958762886597938,0.27586206896551724,0.4382716049382717,0.5,0.44791666666666696,0.17083333333333328,0.4736842105263155
0.32183908045977017,0.6216216216216216,0.14134670487106005,0.5257731958762886,0.42241379310344834,0.506172839506173,0.5,0.38541666666666696,0.46666666666666673,0.26315789473684204
0.18821839080459768,0.4594594594594595,0.3667621776504298,0.35051546391752575,0.4482758620689656,0.4197530864197531,0.5,0.3453125000000002,0.22500000000000003,0.2236842105263157
0.2816091954022988,0.35135135135135137,0.8051575931232091,0.8350515463917524,0.353448275862069,0.5308641975308643,0.9624999999999979,0.4166666666666665,0.21249999999999997,0.1315789473684208
0.4655172413793103,0.43243243243243246,0.014326647564469906,0.4742268041237112,0.29198275862068995,0.6666666666666667,0.5,0.614583333333333,0.4124999999999999,0.1315789473684208
0.17241379310344826,0.581081081081081,0.32091690544412604,0.3711340206185566,0.28448275862068967,0.5452469135802471,0.7499999999999858,0.4270833333333335,0.31104166666666644,0.17105263157894712
0.1551724137931034,0.44594594594594594,0.18624641833810887,0.4020618556701031,0.456896551724138,0.5562345679012346,0.4949999999999997,0.375,0.43749999999999994,0.5263157894736841
0.11494252873563218,0.4054054054054054,0.29799426934097417,0.4154639175257728,0.42241379310344834,0.38271604938271603,0.5,0.16666666666666696,0.2860416666666667,0.3499999999999997
0.4137931034482759,0.38432432432432434,0.27793696275071633,0.28865979381443296,0.3448275862068966,0.5246913580246915,0.5,0.29166666666666696,0.09166666666666667,0.6842105263157896
0.29885057471264365,0.6621621621621622,0.32091690544412604,0.42268041237113396,0.6896551724137931,0.7062037037037042,0.5,0.4166666666666665,0.2916666666666667,0.23684210526315774
0.24712643678160914,0.35135135135135137,0.03724928366762178,0.5257731958762886,0.36767241379310334,0.5740740740740742,0.5,0.4166666666666665,0.35833333333333334,0.32894736842105265
0.3390804597701149,0.6037837837837836,0.335243553008596,0.27835051546391754,0.5862068965517242,0.6419753086419755,0.7499999999999858,0.16666666666666696,0.2375,0.1578947368421051
0.39206896551724135,0.16216216216216214,0.1776504297994269,0.556701030927835,0.353448275862069,0.7654320987654323,0.5,0.4583333333333335,0.3333333333333333,0.1578947368421051
0.22988505747126434,0.5135135135135135,0.3581661891117478,0.45360824742268036,0.4482758620689656,0.5740740740740742,0.5224999999999987,0.31250000000000044,0.30416666666666664,0.39473684210526305
0.17241379310344826,0.4594594594594595,0.01719197707736389,0.31958762886597936,0.31034482758620696,0.4444444444444445,0.5,0.38541666666666696,0.2375,0.4473684210526314
0.09770114942528732,0.48648648648648646,0.08309455587392547,0.18556701030927833,0.2931034482758621,0.3580246913580247,0.4174999999999953,0.3645833333333335,0.1833333333333333,0.5526315789473684
0.4137931034482759,0.35878378378378367,0.25501432664756446,0.5257731958762886,0.28448275862068967,0.580246913580247,0.5,0.40625,0.2791666666666666,0.27631578947368407
0.43103448275862066,0.5,0.1059312320916905,0.244948453608247,0.456896551724138,0.506172839506173,0.2499999999999858,0.4895833333333335,0.2375,0.7894736842105263
0.11494252873563218,0.4054054054054054,0.09169054441260743,0.3215463917525769,0.353448275862069,0.46913580246913583,0.5,0.29166666666666696,0.3458333333333334,0.4210526315789471
0.32183908045977017,0.2972972972972973,0.3982808022922636,0.31958762886597936,0.28793103448275875,0.41358024691358025,0.5,0.3020833333333335,0.10416666666666669,0.48684210526315774
0.2816091954022988,0.5675675675675675,0.28939828080229224,0.3711340206185566,0.617844827586207,0.8148148148148149,0.5,0.44791666666666696,0.39999999999999997,0.26315789473684204
0.3390804597701149,0.5540540540540541,0.4584527220630372,0.41237113402061853,0.603448275862069,0.5679012345679013,0.5,0.3333333333333335,0.3730416666666666,0.5263157894736841
0.02298850574712641,0.4777027027027026,0.4040114613180516,0.48453608247422675,0.706896551724138,0.6234567901234569,0.5,0.4467708333333333,0.3370833333333333,0.23684210526315774
0.3346551724137932,0.4567567567567567,0.040114613180515755,0.15463917525773194,0.31034482758620696,0.5308641975308643,0.2499999999999858,0.28125,0.1988333333333332,0.7894736842105263
0.26436781609195403,0.3243243243243243,0.17191977077363893,0.4742268041237112,0.44189655172413805,0.6672839506172836,0.5,0.5190625000000001,0.5833333333333333,0.26315789473684204
0.4655172413793103,0.3654054054054054,0.4269340974212035,0.4742268041237112,0.31034482758620696,0.5555555555555557,0.7499999999999858,0.39791666666666664,0.30416666666666664,0.26315789473684204
0.09770114942528732,0.39189189189189183,0.17295128939828072,0.39175257731958757,0.45637931034482754,0.54320987654321,0.5,0.44791666666666696,0.22500000000000003,0.48684210526315774
0.3563218390804598,0.4729729729729729,0.17478510028653294,0.2268041237113402,0.3448275862068966,0.4195679012345683,0.5,0.39583333333333304,0.2916666666666667,0.605263157894737
0.43103448275862066,0.44594594594594594,0.17478510028653294,0.24742268041237112,0.18965517241379312,0.28395061728395066,0.5,0.614583333333333,0.35483333333333333,0.6973684210526316
0.22988505747126434,0.43243243243243246,0.03724928366762178,0.2827835051546388,0.46551724137931033,0.5617283950617284,0.2499999999999858,0.5312500000000004,0.4124999999999999,0.7894736842105263
0.26436781609195403,0.3783783783783784,0.01719197707736389,0.31958762886597936,0.3275862068965517,0.41956790123456783,0.5,0.4166666666666665,0.39999999999999997,0.5394736842105261
0.29885057471264365,0.6621621621621622,0.13753581661891115,0.27835051546391754,0.5,0.5308641975308643,0.2499999999999858,0.29166666666666696,0.2,0.6711842105263163
0.1551724137931034,0.35135135135135137,0.06017191977077364,0.30927835051546393,0.06896551724137932,0.54320987654321,0.5,0.3020833333333335,0.36554166666666676,0.3157894736842104
0.32183908045977017,0.4729729729729729,0.01719197707736389,0.45360824742268036,0.3470689655172414,0.5370370370370371,0.2499999999999858,0.666666666666667,0.3758333333333333,0.5789473684210524
0.3563218390804598,0.38216216216216226,0.04584527220630371,0.23711340206185563,0.353448275862069,0.5987654320987655,0.2499999999999858,0.49395833333333344,0.38333333333333325,0.8421052631578945
0.43103448275862066,0.2027027027027027,0.01719197707736389,0.4742268041237112,0.21741379310344847,0.7098765432098767,0.5,0.3333333333333335,0.26666666666666666,0.21052631578947345
0.26436781609195403,0.4189189189189189,0.5300859598853868,0.5360824742268041,0.5689655172413793,0.7037037037037038,0.7499999999999858,0.729166666666667,0.3166666666666667,0.3157894736842104
0.29885057471264365,0.4327027027027026,0.2521489971346705,0.32958762886597887,0.5172413793103449,0.6111111111111113,0.5,0.4583333333333335,0.49166666666666664,0.4457894736842103
0.24712643678160914,0.49716216216216225,0.34383954154727797,0.3711340206185566,0.5517241379310346,0.7160493827160495,0.5,0.39583333333333304,0.35833333333333334,0.26315789473684204
0.48275862068965514,0.3831081081081082,0.2521489971346705,0.24742268041237112,0.4913793103448276,0.5333333333333331,0.5,0.5312500000000004,0.30416666666666664,0.631578947368421
0.22988505747126434,0.5540540540540541,0.16733524355300852,0.41237113402061853,0.3793103448275862,0.5401851851851854,0.4949999999999997,0.3333333333333335,0.3166666666666667,0.5526315789473684
0.17241379310344826,0.5405405405405406,0.02292263610315185,0.4020618556701031,0.24137931034482762,0.33333333333333337,0.5,0.44791666666666696,0.2916666666666667,0.3421052631578947
0.17241379310344826,0.5270270270270271,0.025787965616045842,0.4329896907216494,0.18965517241379312,0.580246913580247,0.5,0.25,0.25000000000000006,0.4210526315789471
0.43103448275862066,0.48648648648648646,0.025787965616045842,0.2268041237113402,0.12068965517241381,0.5555555555555557,0.5,0.3229166666666665,0.38333333333333325,0.3157894736842104
0.3908045977011494,0.39189189189189183,0.3123209169054441,0.14432989690721645,0.3793103448275862,0.46913580246913583,0.5,0.39583333333333304,0.5583333333333333,0.7030263157894736
0.18333333333333324,0.5540540540540541,0.05444126074498567,0.3608247422680412,0.5517241379310346,0.6200925925925926,0.5,0.666666666666667,0.3458333333333334,0.4736842105263155
0.55367816091954,0.3783783783783784,0.163323782234957,0.2268041237113402,0.18965517241379312,0.2777777777777778,0.2499999999999858,0.3645833333333335,0.5166666666666666,0.8552631578947365
0.3160344827586207,0.5385135135135134,0.49329512893982824,0.3608247422680412,0.6896551724137931,0.6843518518518521,0.7499999999999858,0.4270833333333335,0.2791666666666666,0.1315789473684208
0.4137931034482759,0.5945945945945946,0.25501432664756446,0.1237113402061856,0.07758620689655173,0.3148148148148148,0.5,0.21875,0.22500000000000003,0.6873684210526314
0.1379310344827586,0.3783783783783784,0.41260744985673353,0.30927835051546393,0.31034482758620696,0.4197530864197531,0.5024999999999998,0.3645833333333335,0.2916666666666667,0.4999999999999998
0.4655172413793103,0.36486486486486486,0.13630372492836673,0.2268041237113402,0.12068965517241381,0.25925925925925924,0.2499999999999858,0.16666666666666696,0.6125,0.8026315789473684
0.32183908045977017,0.6216216216216216,0.10888252148997132,0.5257731958762886,0.42241379310344834,0.506172839506173,0.5,0.38541666666666696,0.4330000000000001,0.26315789473684204
0.20689655172413787,0.43243243243243246,0.22922636103151864,0.3298969072164948,0.20689655172413796,0.3659876543209877,0.5,0.4166666666666665,0.425,0.5526315789473684
0.26436781609195403,0.39189189189189183,0.27507163323782235,0.275567010309278,0.3275862068965517,0.4197530864197531,0.5,0.375,0.07916666666666672,0.48684210526315774
0.25793103448275856,0.5540540540540541,0.02292263610315185,0.3608247422680412,0.10344827586206898,0.4753086419753087,0.5,0.38145833333333345,0.3698333333333334,0.39473684210526305
0.20689655172413787,0.2702702702702703,0.6962750716332378,0.3608247422680412,0.4482758620689656,0.4197530864197531,0.7499999999999858,0.4583333333333335,0.30416666666666664,0.1578947368421051
0.1551724137931034,0.35135135135135137,0.14676217765042965,0.31958762886597936,0.3275862068965517,0.5308641975308643,0.5,0.5159375000000003,0.6000000000000001,0.26315789473684204
0.18965517241379307,0.6891891891891891,0.7707736389684813,0.3711340206185566,0.36206896551724144,0.46913580246913583,1.0,0.44791666666666696,0.3166666666666667,0.1315789473684208
0.20689655172413787,0.43243243243243246,0.38968481375358166,0.31958762886597936,0.3286206896551724,0.40740740740740744,0.5,0.4170833333333332,0.4124999999999999,0.4736842105263155
0.3390804597701149,0.39189189189189183,0.03724928366762178,0.3711340206185566,0.4492241379310346,0.6602469135802468,0.5,0.572916666666667,0.6000000000000001,0.43421052631578916
0.5242528735632185,0.13513513513513514,0.09169054441260743,0.4763917525773196,0.27586206896551724,0.28395061728395066,0.5,0.5833333333333335,0.2,0.2236842105263157
0.2829310344827585,0.6621621621621622,0.002865329512893984,0.5154639175257731,0.14655172413793105,0.25925925925925924,0.5,0.3229166666666665,0.2,0.4210526315789471
0.27201149425287385,0.43243243243243246,0.025787965616045842,0.35051546391752575,0.2931034482758621,0.3395061728395062,0.2499999999999858,0.5416666666666665,0.35833333333333334,0.7499999999999998
0.3563218390804598,0.36486486486486486,0.19197707736389683,0.5257731958762886,0.38189655172413806,0.580246913580247,0.48499999999999915,0.4583333333333335,0.3458333333333334,0.7368421052631577
0.045977011494252845,0.6351351351351351,0.03724928366762178,0.395670103092783,0.4310344827586208,0.6049382716049384,0.5,0.4583333333333335,0.17083333333333328,0.3157894736842104
0.3908045977011494,0.39189189189189183,0.18624641833810887,0.3245360824742264,0.4482758620689656,0.5740740740740742,0.5,0.614583333333333,0.26666666666666666,0.7368421052631577
0.2223563218390805,0.36486486486486486,0.0916045845272206,0.268041237113402,0.24137931034482762,0.40740740740740744,0.49749999999999983,0.572916666666667,0.4124999999999999,0.5263157894736841
0.31109195402298867,0.3243243243243243,0.025787965616045842,0.3298969072164948,0.4417241379310347,0.6111111111111113,0.5,0.4895833333333335,0.39999999999999997,0.5526315789473684
0.24712643678160914,0.4189189189189189,0.02292263610315185,0.31030927835051497,0.353448275862069,0.39506172839506176,0.5,0.4583333333333335,0.4272916666666669,0.48684210526315774
0.1379310344827586,0.48648648648648646,0.0860171919770774,0.39175257731958757,0.07758620689655173,0.24691358024691357,0.5,0.325,0.6000000000000001,0.4999999999999998
0.26436781609195403,0.4054054054054054,0.3211174785100287,0.41144329896907167,0.5295689655172413,0.7654320987654323,0.5049999999999997,0.34375,0.35833333333333334,0.368421052631579
0.2858045977011497,0.5,0.36962750716332377,0.4742268041237112,0.42137931034482745,0.5679012345679013,0.5,0.40625,0.35833333333333334,0.2236842105263157
0.5977011494252873,0.3783783783783784,0.2808309455587391,0.2268041237113402,0.3275862068965517,0.3148148148148148,0.5,0.28125,0.2,0.7631578947368418
0.4137931034482759,0.35135135135135137,0.6790830945558738,0.42268041237113396,0.6558620689655171,0.782037037037037,0.8774999999999931,0.31250000000000044,0.34820833333333345,0.26315789473684204
0.3563218390804598,0.4054054054054054,0.06590257879656158,0.28865979381443296,0.06896551724137932,0.8209876543209877,0.5049999999999997,0.45250000000000007,0.5166666666666666,0.32894736842105265
0.1379310344827586,0.3783783783783784,0.040114613180515755,0.40577319587628835,0.5862068965517242,0.6172839506172841,0.5,0.375,0.2916666666666667,0.381578947368421
0.6149425287356322,0.4151351351351349,0.01719197707736389,0.42268041237113396,0.11206896551724141,0.43827160493827166,0.5,0.677083333333333,0.2791666666666666,0.605263157894737
0.3545977011494253,0.35135135135135137,0.34383954154727797,0.4742268041237112,0.3448275862068966,0.697530864197531,0.7499999999999858,0.4895833333333335,0.3708333333333333,0.21052631578947345
0.3390804597701149,0.2027027027027027,0.014326647564469906,0.18556701030927833,0.11206896551724141,0.29629629629629634,0.2499999999999858,0.4913541666666669,0.22500000000000003,0.6576315789473685
0.09770114942528732,0.36486486486486486,0.6424928366762173,0.4329896907216494,0.25862068965517243,0.5123456790123458,0.7499999999999858,0.16666666666666696,0.26666666666666666,0.11842105263157876
0.2816091954022988,0.44594594594594594,0.5042979942693409,0.5154639175257731,0.3952586206896554,0.48148148148148145,0.7499999999999858,0.34375,0.425,0.3421052631578947
0.7816091954022988,0.21621621621621623,0.08595988538681948,0.268041237113402,0.36206896551724144,0.48148148148148145,0.0,0.44791666666666696,0.39999999999999997,0.8205263157894735
0.32183908045977017,0.5270270270270271,0.025787965616045842,0.20618556701030924,0.5172413793103449,0.5617283950617284,0.0,0.3333333333333335,0.21974999999999995,0.8552631578947365
0.0,0.39189189189189183,0.014326647564469906,0.25773195876288657,0.48275862068965514,0.5238271604938283,0.5,0.4166666666666665,0.425,0.4736842105263155
0.26436781609195403,0.33783783783783783,0.025787965616045842,0.1958762886597938,0.3793103448275862,0.3888888888888889,0.2499999999999858,0.5416666666666665,0.2791666666666666,0.5394736842105261
0.20689655172413787,0.35135135135135137,0.17971346704871047,0.3860824742268035,0.24137931034482762,0.4197530864197531,0.5,0.23958333333333348,0.2375,0.3617105263157893
0.5402298850574713,0.22972972972972974,0.5530085959885386,0.23711340206185563,0.31965517241379315,0.5026543209876544,0.7499999999999858,0.3333333333333335,0.32341666666666646,0.23684210526315774
0.17241379310344826,0.5,0.2464183381088825,0.16494845360824742,0.25000000000000006,0.3580246913580247,0.5,0.614583333333333,0.27566666666666667,0.7368421052631577
0.5229885057471264,0.7297297297297297,0.025787965616045842,0.48618556701030885,0.36206896551724144,0.5000000000000001,0.5,0.3645833333333335,0.39999999999999997,0.17105263157894712
0.4137931034482759,0.43243243243243246,0.47111747851002855,0.48453608247422675,0.6896551724137931,0.7543827160493827,0.7499999999999858,0.4895833333333335,0.43749999999999994,0.4210526315789471
0.4482758620689655,0.5270270270270271,0.07163323782234957,0.41237113402061853,0.25862068965517243,0.6049382716049384,0.5,0.44791666666666696,0.4124999999999999,0.5394736842105261
0.20689655172413787,0.3108108108108108,0.7600286532951285,0.4020618556701031,0.39655172413793105,0.4444444444444445,0.8574999999999919,0.3333333333333335,0.30416666666666664,0.1315789473684208
0.4137931034482759,0.3783783783783784,0.025787965616045842,0.24742268041237112,0.27586206896551724,0.40740740740740744,0.5,0.4829166666666667,0.45,0.4473684210526314
0.2816091954022988,0.2972972972972973,0.19770773638968478,0.27835051546391754,0.24137931034482762,0.4938271604938272,0.5,0.5312500000000004,0.1166666666666667,0.368421052631579
0.37356321839080453,0.46378378378378393,0.040114613180515755,0.18556701030927833,0.03448275862068967,0.20987654320987653,0.5,0.3229166666666665,0.26666666666666666,0.4210526315789471
0.37356321839080453,0.43243243243243246,0.01719197707736389,0.1237113402061856,0.20689655172413796,0.6419753086419755,0.5,0.3020833333333335,0.4124999999999999,0.3157894736842104
0.26436781609195403,0.28378378378378377,0.031518624641833796,0.3608247422680412,0.27163793103448275,0.4012345679012346,0.5,0.5416666666666665,0.34425000000000006,0.5263157894736841
0.24712643678160914,0.2972972972972973,0.45272206303724927,0.3402061855670102,0.27586206896551724,0.29012345679012347,0.5,0.125,0.17083333333333328,0.2894736842105261
0.4137931034482759,0.3783783783783784,0.14595988538681934,0.061855670103092786,0.3304310344827586,0.38271604938271603,0.2499999999999858,0.4791666666666665,0.1166666666666667,0.7368421052631577
0.11494252873563218,0.48648648648648646,0.33810888252148996,0.1752577319587629,0.3057758620689655,0.41358024691358025,0.5,0.38541666666666696,0.2375,0.7631578947368418
0.3390804597701149,0.41013513513513516,0.5186246418338109,0.1958762886597938,0.36206896551724144,0.4972839506172841,0.5249999999999986,0.375,0.3166666666666667,0.4473684210526314
0.2816091954022988,0.6891891891891891,0.08309455587392547,0.3711340206185566,0.27586206896551724,0.6111111111111113,0.5,0.25,0.35833333333333334,0.5526315789473684
0.09770114942528732,0.44594594594594594,0.031518624641833796,0.23711340206185563,0.25517241379310346,0.3580246913580247,0.5,0.38541666666666696,0.25000000000000006,0.2894736842105261
0.1551724137931034,0.5270270270270271,0.008595988538681945,0.2268041237113402,0.13793103448275865,0.24746913580246907,0.2499999999999858,0.5416666666666665,0.2,0.868421052631579
0.20689655172413787,0.43243243243243246,0.4383954154727793,0.35051546391752575,0.6982758620689655,0.6426234567901234,0.7499999999999858,0.3645833333333335,0.39999999999999997,0.26315789473684204
0.1551724137931034,0.5135135135135135,0.014326647564469906,0.11340206185567012,0.31896551724137934,0.3888888888888889,0.2249999999999889,0.3645833333333335,0.2,0.5921052631578945
0.32183908045977017,0.4054054054054054,0.10601719197707735,0.30927835051546393,0.25000000000000006,0.4320987654320988,0.5,0.3020833333333335,0.26666666666666666,0.1052631578947365
0.3908045977011494,0.6221621621621621,0.26888252148997144,0.38577319587628833,0.7931034482758621,0.6763271604938274,0.5,0.38541666666666696,0.2375,0.1578947368421051
0.32183908045977017,0.2972972972972973,0.5501432664756446,0.30927835051546393,0.560344827586207,0.5832716049382721,0.5,0.46875,0.2559166666666666,0.4736842105263155
0.24712643678160914,0.36486486486486486,0.04584527220630371,0.31659793814432935,0.5689655172413793,0.7407407407407409,0.48749999999999927,0.46875,0.35833333333333334,0.48684210526315774
0.445919540229885,0.3783783783783784,0.3839541547277937,0.268041237113402,0.08620689655172416,0.33333333333333337,0.5,0.3229166666666665,0.15833333333333338,0.7105263157894737
0.4655172413793103,0.7837837837837837,0.650429799426934,0.38319587628865937,0.456896551724138,0.4320987654320988,0.7499999999999858,0.39583333333333304,0.3708333333333333,0.17105263157894712
0.3390804597701149,0.3558108108108106,0.002865329512893984,0.3298969072164948,0.20689655172413796,0.43827160493827166,0.2499999999999858,0.4583333333333335,0.35833333333333334,0.5921052631578945
0.1551724137931034,0.4054054054054054,0.5501432664756446,0.4742268041237112,0.5344827586206897,0.609753086419753,0.7499999999999858,0.38541666666666696,0.3458333333333334,0.18421052631578938
0.3908045977011494,0.4045945945945947,0.040114613180515755,0.20618556701030924,0.293793103448276,0.40740740740740744,0.2499999999999858,0.3229166666666665,0.23937499999999992,0.7894736842105263
0.32183908045977017,0.4163513513513512,0.040114613180515755,0.4231958762886596,0.5344827586206897,0.39506172839506176,0.5,0.34375,0.1833333333333333,0.21052631578947345
0.18965517241379307,0.4054054054054054,0.28091690544412606,0.268041237113402,0.5172413793103449,0.48148148148148145,0.5,0.4166666666666665,0.21249999999999997,0.4473684210526314
0.11494252873563218,1.0,0.1289398280802292,0.4329896907216494,0.31034482758620696,0.48148148148148145,0.5,0.510416666666667,0.22500000000000003,0.7631578947368418
0.1551724137931034,0.35135135135135137,0.5300859598853868,0.41237113402061853,0.5517241379310346,0.5617283950617284,0.7499999999999858,0.35875000000000007,0.17083333333333328,0.1578947368421051
0.1551724137931034,0.33783783783783783,0.025787965616045842,0.4432989690721648,0.22991379310344823,0.39506172839506176,0.4999999999999997,0.75,0.5708333333333333,0.43421052631578916
0.1379310344827586,0.48648648648648646,0.5644699140401146,0.5051546391752577,0.8017241379310345,0.5660185185185184,0.7374999999999885,0.6458333333333335,0.15833333333333338,0.18421052631578938
0.2816091954022988,0.45567567567567563,0.3222063037249285,0.16494845360824742,0.2931034482758621,0.3148148148148148,0.5,0.29166666666666696,0.1166666666666667,0.5789473684210524
0.08045977011494251,0.6621621621621622,0.031518624641833796,0.20618556701030924,0.17241379310344832,0.4567901234567902,0.5,0.29166666666666696,0.22500000000000003,0.4039473684210524
0.1551724137931034,0.28378378378378377,0.005730659025787961,0.23711340206185563,1.0,0.6111111111111113,0.5,0.572916666666667,0.25000000000000006,0.0
0.0,0.39189189189189183,0.014326647564469906,0.25773195876288657,0.48275862068965514,0.5308641975308643,0.5,0.4166666666666665,0.425,0.4736842105263155
0.6149425287356322,0.36486486486486486,0.34670487106017195,0.5154639175257731,0.3932758620689657,0.592716049382716,0.5,0.40625,0.17083333333333328,0.6578947368421051
0.1379310344827586,0.6216216216216216,0.025787965616045842,0.5979381443298968,0.39655172413793105,0.6172839506172841,0.5,0.5937500000000004,0.2916666666666667,0.5394736842105261
0.3563218390804598,0.2972972972972973,0.2505444126074499,0.5051546391752577,0.48275862068965514,0.6481481481481484,0.5,0.375,0.15833333333333338,0.368421052631579
0.5072413793103449,0.16216216216216214,0.014326647564469906,0.0,0.01724137931034483,0.0,0.5,0.5520833333333335,0.17083333333333328,0.4018421052631576
0.20689655172413787,0.3108108108108108,0.7564469914040114,0.4020618556701031,0.388448275862069,0.4444444444444445,0.8574999999999919,0.3333333333333335,0.30416666666666664,0.1315789473684208
0.5229885057471264,0.7424324324324325,0.4670487106017192,0.4020618556701031,0.7327586206896552,0.6712345679012347,0.7499999999999858,0.40625,0.35833333333333334,0.11842105263157876
0.22988505747126434,0.4698648648648648,0.30659025787965616,0.42268041237113396,0.11206896551724141,0.271604938271605,0.5824999999999954,0.31250000000000044,0.8124999999999998,0.2894736842105261
0.22988505747126434,0.6216216216216216,0.25501432664756446,0.268041237113402,0.17241379310344832,0.30864197530864196,0.5,0.34375,0.27912499999999996,0.644736842105263
0.2816091954022988,0.4210810810810811,0.025787965616045842,0.08247422680412372,0.11206896551724141,0.22839506172839508,0.2499999999999858,0.4895833333333335,0.26379166666666676,0.5789473684210524
0.17241379310344826,0.43972972972972973,0.24355300859598852,0.27835051546391754,0.3275862068965517,0.45061728395061734,0.5,0.4791666666666665,0.32425000000000004,0.48684210526315774
0.5689655172413793,0.17567567567567569,0.025787965616045842,0.31958762886597936,0.10344827586206898,0.2222222222222222,0.5,0.5312500000000004,0.38333333333333325,0.43421052631578916
0.3289080459770116,0.6621621621621622,0.5587392550143266,0.47824742268041204,0.456896551724138,0.8641975308641977,1.0,0.21875,0.3708333333333333,0.21052631578947345
0.3563218390804598,0.21621621621621623,0.15472779369627507,0.18556701030927833,0.39655172413793105,0.3703703703703704,0.2499999999999858,0.5416666666666665,0.17083333333333328,0.7834210526315786
0.0,0.39189189189189183,0.014326647564469906,0.25773195876288657,0.48275862068965514,0.5308641975308643,0.5,0.4166666666666665,0.425,0.4736842105263155
0.09770114942528732,0.45864864864864885,0.2451002865329514,0.42268041237113396,0.6551724137931035,0.5185185185185186,0.5,0.40625,0.2,0.3421052631578947
0.18965517241379307,0.39189189189189183,0.03724928366762178,0.24742268041237112,0.31034482758620696,0.4444444444444445,0.5,0.48124999999999996,0.35833333333333334,0.5263157894736841
0.09770114942528732,0.43243243243243246,0.5358166189111747,0.25773195876288657,0.1810344827586207,0.5987654320987655,0.7499999999999858,0.14583333333333348,0.17083333333333328,0.17105263157894712
0.1379310344827586,0.4054054054054054,0.5501432664756446,0.5773195876288658,0.18965517241379312,0.6604938271604939,0.7499999999999858,0.26656250000000004,0.3449583333333331,0.17105263157894712
0.1551724137931034,0.8108108108108107,0.1461318051575931,0.27835051546391754,0.043103448275862086,0.4567901234567902,0.5,0.17708333333333304,0.4791666666666666,0.4210526315789471
0.43103448275862066,0.4643243243243244,0.15472779369627507,0.4020618556701031,0.560344827586207,0.5493827160493828,0.2499999999999858,0.2604166666666665,0.19904166666666662,0.7499999999999998
0.32183908045977017,0.2972972972972973,0.04584527220630371,0.24742268041237112,0.3448275862068966,0.4320987654320988,0.2499999999999858,0.49239583333333337,0.2791666666666666,0.8026315789473684
0.3390804597701149,0.6621621621621622,0.025787965616045842,0.45690721649484495,0.5689655172413793,0.5679012345679013,0.5,0.3333333333333335,0.3458333333333334,0.17105263157894712
0.5276436781609195,0.08108108108108107,0.27507163323782235,0.3402061855670102,0.07758620689655173,0.3024691358024692,0.5,0.666666666666667,0.2791666666666666,0.381578947368421
0.1551724137931034,0.44594594594594594,0.4269340974212035,0.5876288659793814,0.6982758620689655,0.506172839506173,0.5,0.125,0.2375,0.18421052631578938
0.24712643678160914,0.24324324324324323,0.2693409742120344,0.39175257731958757,0.353448275862069,0.6172839506172841,0.7499999999999858,0.44791666666666696,0.347875,0.3157894736842104
0.3563218390804598,0.48648648648648646,0.27507163323782235,0.41896907216494794,0.48275862068965514,0.9197530864197533,0.7499999999999858,0.5258333333333333,0.5458333333333332,0.3394736842105263
0.7126436781609196,0.2972972972972973,0.04584527220630371,0.39175257731958757,0.3275862068965517,0.5308641975308643,0.5,0.5078125000000001,0.32795833333333346,0.4210526315789471
0.1551724137931034,0.581081081081081,0.4613180515759312,0.3711340206185566,0.5862068965517242,0.652654320987654,0.7049999999999883,0.7395833333333335,0.4753750000000001,0.4210526315789471
0.4137931034482759,0.4054054054054054,0.10028653295128936,0.24938144329896872,0.31896551724137934,0.46913580246913583,0.2499999999999858,0.5416666666666665,0.22500000000000003,0.801315789473684
0.5057471264367815,0.4594594594594595,0.34383954154727797,0.45360824742268036,0.48275862068965514,0.6481481481481484,0.7499999999999858,0.3645833333333335,0.38333333333333325,0.21052631578947345
0.2514942528735633,0.39189189189189183,0.6217765042979941,0.3608247422680412,0.5611206896551723,0.6851851851851852,0.8399999999999909,0.4166666666666665,0.30237499999999984,0.1578947368421051
0.43103448275862066,0.6621621621621622,0.29799426934097417,0.45360824742268036,0.31896551724137934,0.5555555555555557,0.7499999999999858,0.4166666666666665,0.5041666666666667,0.381578947368421
0.06321839080459771,0.4729729729729729,0.025787965616045842,0.30927835051546393,0.25000000000000006,0.48148148148148145,0.5,0.22916666666666696,0.3504583333333334,0.4210526315789471
0.25712643678160957,0.5551351351351351,0.32951289398280803,0.3402061855670102,0.6206896551724138,0.7395370370370371,0.5049999999999997,0.4583333333333335,0.30416666666666664,0.21052631578947345
0.26436781609195403,0.5540540540540541,0.04584527220630371,0.27835051546391754,0.5689655172413793,0.6358024691358026,0.2499999999999858,0.5312500000000004,0.21249999999999997,0.7368421052631577
0.1379310344827586,0.43243243243243246,0.2922636103151862,0.4020618556701031,0.17241379310344832,0.40740740740740744,0.5,0.6458333333333335,0.2791666666666666,0.4090789473684208
0.20689655172413787,0.3783783783783784,0.5128939828080228,0.5051546391752577,0.42913793103448294,0.54320987654321,0.7024999999999885,0.25,0.09166666666666667,0.21052631578947345
0.24712643678160914,0.5405405405405406,0.4998280802292262,0.42268041237113396,0.5517241379310346,0.6494753086419758,0.747499999999986,0.37729166666666664,0.25000000000000006,0.27631578947368407
0.4655172413793103,0.5945945945945946,0.34383954154727797,0.4067010309278347,0.2931034482758621,0.54320987654321,0.5,0.3635416666666667,0.26666666666666666,0.381578947368421
0.3390804597701149,0.33783783783783783,0.025787965616045842,0.22659793814432952,0.31896551724137934,0.425925925925926,0.0,0.3333333333333335,0.26666666666666666,0.9078947368421051
0.28367816091954046,0.43175675675675684,0.4068767908309456,0.3608247422680412,0.31896551724137934,0.5308641975308643,0.5,0.4166666666666665,0.3166666666666667,0.18421052631578938
0.2816091954022988,0.423783783783784,0.07163323782234957,0.35051546391752575,0.47172413793103474,0.6913580246913581,0.5,0.6458333333333335,0.6000000000000001,0.4473684210526314
0.4482758620689655,0.5270270270270271,0.002865329512893984,0.3402061855670102,0.14655172413793105,0.20987654320987653,0.5,0.21875,0.06666666666666671,0.4210526315789471
0.37356321839080453,0.12162162162162161,0.025787965616045842,0.31958762886597936,0.6206896551724138,0.5555555555555557,0.5,0.4270833333333335,0.30416666666666664,0.3421052631578947
0.4655172413793103,0.43243243243243246,0.4441260744985673,0.3711340206185566,0.3793103448275862,0.5123456790123458,0.5,0.3333333333333335,0.13333333333333336,0.631578947368421
0.09770114942528732,0.42756756756756786,0.2693409742120344,0.35051546391752575,0.46551724137931033,0.5864197530864199,0.5,0.41750000000000026,0.30416666666666664,0.4473684210526314
0.1379310344827586,0.4556756756756756,0.5873925501432664,0.45360824742268036,0.4137931034482759,0.4444444444444445,0.7424999999999868,0.39583333333333304,0.35833333333333334,0.3421052631578947
0.22988505747126434,0.43243243243243246,0.3524355300859599,0.5257731958762886,0.5172413793103449,0.6783333333333332,0.5,0.4270833333333335,0.22500000000000003,0.32894736842105265
0.32183908045977017,0.5135135135135135,0.05444126074498567,0.45360824742268036,0.24137931034482762,0.5987654320987655,0.2499999999999858,0.375,0.38333333333333325,0.5394736842105261
0.09770114942528732,0.48648648648648646,0.03724928366762178,0.3402061855670102,0.12068965517241381,0.20987654320987653,0.5,0.4583333333333335,0.4124999999999999,0.48684210526315774
0.3390804597701149,0.5945945945945946,0.1289398280802292,0.46474226804123686,0.5317241379310346,0.7098765432098767,0.5,0.2604166666666665,0.2,0.18421052631578938
0.24712643678160914,0.6621621621621622,0.22922636103151864,0.4742268041237112,0.25862068965517243,0.45061728395061734,0.5,0.2604166666666665,1.0,0.43421052631578916
0.3939080459770114,0.4054054054054054,0.2464183381088825,0.31958762886597936,0.5344827586206897,0.5308641975308643,0.2499999999999858,0.4166666666666665,0.04999999999999999,0.7785526315789475
0.3563218390804598,0.43391891891891876,0.12320916905444126,0.27835051546391754,0.4559482758620689,0.5925925925925927,0.2499999999999858,0.4166666666666665,0.1833333333333333,0.7631578947368418
0.43103448275862066,0.3783783783783784,0.6361031518624641,0.4020618556701031,0.5344827586206897,0.7716049382716051,0.8524999999999916,0.46875,0.30416666666666664,0.26315789473684204
0.43103448275862066,0.39189189189189183,0.0630372492836676,0.268041237113402,0.25862068965517243,0.3703703703703704,0.2499999999999858,0.31250000000000044,0.2791666666666666,0.6578947368421051
0.18965517241379307,0.5135135135135135,0.0630372492836676,0.15463917525773194,0.4310344827586208,0.38271604938271603,0.4574999999999976,0.4895833333333335,0.22500000000000003,0.5394736842105261
0.24712643678160914,0.25675675675675674,0.19197707736389683,0.35051546391752575,0.17241379310344832,0.3703703703703704,0.5,0.44458333333333333,0.33912499999999995,0.3421052631578947
0.1379310344827586,0.4758108108108107,0.014326647564469906,0.23711340206185563,0.16931034482758633,0.19135802469135804,0.2499999999999858,0.28125,0.3708333333333333,0.5263157894736841
0.18965517241379307,0.28378378378378377,0.19770773638968478,0.4280412371134017,0.2155172413793104,0.3888888888888889,0.5,0.3229166666666665,0.30416666666666664,0.27631578947368407
0.20689655172413787,0.43243243243243246,0.03724928366762178,0.3711340206185566,0.4310344827586208,0.45061728395061734,0.5,0.23958333333333348,0.2791666666666666,0.3597368421052629
0.24712643678160914,0.39189189189189183,0.4269340974212035,0.4329896907216494,0.2155172413793104,0.3888888888888889,0.5,0.375,0.15833333333333338,0.26315789473684204
0.372873563218391,0.2972972972972973,0.5291404011461319,0.24742268041237112,0.3484482758620693,0.506172839506173,0.7149999999999878,0.44791666666666696,0.3708333333333333,0.18421052631578938
0.2674137931034483,0.6486486486486486,0.0630372492836676,0.3402061855670102,0.2931034482758621,0.6296296296296298,0.5,0.4270833333333335,0.4791666666666666,0.2894736842105261
0.22678160919540244,0.3783783783783784,0.025787965616045842,0.2860824742268036,0.22413793103448276,0.3271604938271605,0.2499999999999858,0.4166666666666665,0.3434583333333333,0.644736842105263
0.045977011494252845,0.39189189189189183,0.5988538681948424,0.5051546391752577,0.27344827586206877,0.34567901234567905,0.7499999999999858,0.4166666666666665,0.21249999999999997,0.23684210526315774
0.22988505747126434,0.3243243243243243,0.5718051575931233,0.4742268041237112,0.25663793103448274,0.34567901234567905,0.7499999999999858,0.4166666666666665,0.35833333333333334,0.27631578947368407
0.1551724137931034,0.4729729729729729,0.040114613180515755,0.268041237113402,0.353448275862069,0.3703703703703704,0.5,0.4583333333333335,0.4124999999999999,0.48684210526315774
0.32724137931034497,0.47513513513513517,0.09289398280802288,0.3608247422680412,0.25000000000000006,0.8024691358024694,0.5,0.3645833333333335,0.46666666666666673,0.32894736842105265
0.2816091954022988,0.5540540540540541,0.20567335243552998,0.42268041237113396,0.31034482758620696,0.41358024691358025,0.5,0.21875,0.2791666666666666,0.3421052631578947
0.3908045977011494,0.43243243243243246,0.15647564469914024,0.3298969072164948,0.4310344827586208,0.7222222222222223,0.5,0.4583333333333335,0.4124999999999999,0.5263157894736841
0.20689655172413787,0.5,0.6590257879656161,0.4432989690721648,0.7586206896551725,0.7105864197530865,1.0,0.625,0.4442083333333333,0.2236842105263157
0.38936781609195426,0.0,0.031518624641833796,0.3685567010309277,0.06896551724137932,0.4271604938271605,0.5,0.4958333333333336,0.22500000000000003,0.2894736842105261
0.09770114942528732,0.4771621621621616,0.5902578796561604,0.49484536082474184,0.353448275862069,0.6481481481481484,0.7499999999999858,0.16666666666666696,0.2791666666666666,0.11842105263157876
0.09770114942528732,0.5213513513513516,0.025787965616045842,0.35051546391752575,0.25862068965517243,0.40740740740740744,0.5,0.3645833333333335,0.4600000000000004,0.39473684210526305
0.11494252873563218,0.5135135135135135,0.031518624641833796,0.2268041237113402,0.2931034482758621,0.4197530864197531,0.5,0.4895833333333335,0.425,0.45782894736842095
0.02298850574712641,0.39189189189189183,0.43553008595988535,0.30927835051546393,0.4482758620689656,0.3580246913580247,0.5,0.4270833333333335,0.2,0.3157894736842104
0.24712643678160914,0.5,0.3037249283667622,0.35051546391752575,0.6551724137931035,0.7283950617283952,0.5,0.44791666666666696,0.35833333333333334,0.23684210526315774
0.1379310344827586,0.6081081081081081,0.163323782234957,0.39175257731958757,0.6293103448275863,0.6419753086419755,0.5,0.375,0.5166666666666666,0.5526315789473684
0.3617816091954024,0.25675675675675674,0.22922636103151864,0.3298969072164948,0.22413793103448276,0.5555555555555557,0.5,0.39583333333333304,0.3130416666666667,0.32894736842105265
0.3563218390804598,0.44594594594594594,0.5501432664756446,0.3298969072164948,0.6637931034482759,0.6481481481481484,0.7499999999999858,0.34375,0.43749999999999994,0.3157894736842104
0.18965517241379307,0.47283783783783806,0.002865329512893984,0.28865979381443296,0.4137931034482759,0.4567901234567902,0.447499999999997,0.4791666666666665,0.30416666666666664,0.4473684210526314
0.22988505747126434,0.33783783783783783,0.7564469914040114,0.39175257731958757,0.14655172413793105,0.40740740740740744,0.7499999999999858,0.39583333333333304,0.25000000000000006,0.21052631578947345
0.3390804597701149,0.4054054054054054,0.053982808022922636,0.10309278350515463,0.20689655172413796,0.40740740740740744,0.0,0.32864583333333336,0.2,0.785526315789474
0.3908045977011494,0.33783783783783783,0.040114613180515755,0.24742268041237112,0.39655172413793105,0.5185185185185186,0.5,0.6979166666666665,0.35833333333333334,0.48684210526315774
0.43103448275862066,0.33783783783783783,0.2362177650429801,0.28865979381443296,0.15517241379310345,0.4567901234567902,0.5,0.3895833333333333,0.6375,0.8026315789473684
0.3060344827586209,0.6216216216216216,0.025787965616045842,0.39175257731958757,0.36206896551724144,0.7160493827160495,0.5,0.28125,0.3458333333333334,0.381578947368421
0.08045977011494251,0.39189189189189183,0.02292263610315185,0.18556701030927833,0.08620689655172416,0.2222222222222222,0.5,0.5833333333333335,0.21249999999999997,0.368421052631579
0.06321839080459771,0.4054054054054054,0.20916905444126072,0.3711340206185566,0.27586206896551724,0.3888888888888889,0.5,0.5520833333333335,0.2916666666666667,0.2236842105263157
0.3563218390804598,0.2972972972972973,0.5542120343839537,0.42268041237113396,0.575948275862069,0.7407407407407409,0.7499999999999858,0.3333333333333335,0.22500000000000003,0.2236842105263157
0.11494252873563218,0.5405405405405406,0.6303724928366762,0.4020618556701031,0.47844827586206873,0.5987654320987655,1.0,0.572916666666667,0.7333333333333332,0.18421052631578938
0.29885057471264365,0.5778378378378376,0.30659025787965616,0.42268041237113396,0.7241379310344828,0.6864814814814819,0.5,0.375,0.2555,0.17105263157894712
0.347183908045977,0.6621621621621622,0.3151862464183381,0.36515463917525737,0.6262931034482762,0.654320987654321,0.5,0.3645833333333335,0.1833333333333333,0.11842105263157876
0.26436781609195403,0.39189189189189183,0.30659025787965616,0.42268041237113396,0.4137931034482759,0.6049382716049384,0.7499999999999858,0.4347916666666666,0.2,0.27631578947368407
0.22988505747126434,0.48648648648648646,0.031518624641833796,0.1958762886597938,0.34172413793103473,0.4567901234567902,0.2499999999999858,0.4791666666666665,0.2863333333333332,0.7105263157894737
0.1848275862068964,0.4594594594594595,0.31988538681948425,0.3764948453608244,0.603448275862069,0.5308641975308643,0.5,0.28125,0.10416666666666669,0.39473684210526305
0.6494252873563218,0.24324324324324323,0.1146131805157593,0.48453608247422675,0.1810344827586207,0.54320987654321,0.5,0.375,0.3708333333333333,0.48684210526315774
0.20689655172413787,0.25675675675675674,0.014326647564469906,0.44237113402061806,0.3879310344827586,0.7407407407407409,0.5,0.3020833333333335,0.35833333333333334,0.26315789473684204
0.22988505747126434,0.6216216216216216,0.008595988538681945,0.48453608247422675,0.07758620689655173,0.25308641975308643,0.5,0.20833333333333348,0.3458333333333334,0.18421052631578938
0.22988505747126434,0.36486486486486486,0.1579942693409741,0.4948453608247422,0.3533620689655173,0.506172839506173,0.5,0.40625,0.22500000000000003,0.381578947368421
0.08045977011494251,0.4529729729729729,0.48424068767908307,0.25773195876288657,0.5344827586206897,0.48148148148148145,0.5,0.29166666666666696,0.14583333333333337,0.43421052631578916
0.02298850574712641,0.44594594594594594,0.09455587392550141,0.3608247422680412,0.22612068965517243,0.25925925925925924,0.2499999999999858,0.4166666666666665,0.37366666666666665,0.6169736842105265
0.24712643678160914,0.4594594594594595,0.08595988538681948,0.4020618556701031,0.4079310344827587,0.6070370370370373,0.5,0.42104166666666687,0.46666666666666673,0.2894736842105261
0.15114942528735625,0.4605405405405406,0.10426934097421203,0.35051546391752575,0.1810344827586207,0.38271604938271603,0.5,0.4791666666666665,0.2916666666666667,0.4736842105263155
0.24712643678160914,0.7432432432432433,0.335243553008596,0.31958762886597936,0.7413793103448276,0.8456790123456791,0.5,0.4601041666666666,0.35833333333333334,0.21052631578947345
0.17241379310344826,0.4887837837837838,0.5042979942693409,0.4948453608247422,0.560344827586207,0.654320987654321,0.752499999999986,0.572916666666667,0.39512500000000017,0.1578947368421051
0.37356321839080453,0.5135135135135135,0.4441260744985673,0.20618556701030924,0.5862068965517242,0.5308641975308643,0.5,0.572916666666667,0.30416666666666664,0.644736842105263
0.5229885057471264,0.4189189189189189,0.41616045845272204,0.35051546391752575,0.2931034482758621,0.6234567901234569,0.7299999999999869,0.4166666666666665,0.4124999999999999,0.18421052631578938
0.20689655172413787,0.3243243243243243,0.17478510028653294,0.29309278350515433,0.42241379310344834,0.6111111111111113,0.5,0.25,0.06666666666666671,0.605263157894737
0.1379310344827586,0.4054054054054054,0.008595988538681945,0.20618556701030924,0.24137931034482762,0.25925925925925924,0.2499999999999858,0.46875,0.38333333333333325,0.5789473684210524
0.2782758620689656,0.6351351351351351,0.10028653295128936,0.45360824742268036,0.3515517241379309,0.5555555555555557,0.5,0.5312500000000004,0.3737083333333333,0.3421052631578947
0.11494252873563218,0.44594594594594594,0.23782234957020051,0.268041237113402,0.31896551724137934,0.41358024691358025,0.5,0.5520833333333335,0.46666666666666673,0.368421052631579
0.18965517241379307,0.36486486486486486,0.19386819484240686,0.30412371134020577,0.4482758620689656,0.5555555555555557,0.5,0.5416666666666665,0.17083333333333328,0.40638157894736826
0.26436781609195403,0.47621621621621635,0.6217765042979941,0.38288659793814395,0.603448275862069,0.8024691358024694,0.7499999999999858,0.375,0.2,0.17105263157894712
0.4924137931034482,0.3108108108108108,0.2664756446991404,0.24742268041237112,0.043103448275862086,0.6049382716049384,0.5,0.3020833333333335,0.3333333333333333,0.5526315789473684
0.23936781609195393,0.3783783783783784,0.031518624641833796,0.27835051546391754,0.11206896551724141,0.4444444444444445,0.5,0.5520833333333335,0.3708333333333333,0.4210526315789471
0.48275862068965514,0.2972972972972973,0.3369627507163325,0.14432989690721645,0.3879310344827586,0.5774691358024691,0.7499999999999858,0.5625,0.49166666666666664,0.27631578947368407
0.485632183908046,0.2972972972972973,0.2148997134670487,0.27835051546391754,0.08620689655172416,0.30864197530864196,0.5,0.677083333333333,0.2791666666666666,0.4860526315789476
0.2816091954022988,0.5,0.05681948424068773,0.14432989690721645,0.3275862068965517,0.3888888888888889,0.2499999999999858,0.31250000000000044,0.20970833333333336,0.8026315789473684
0.29885057471264365,0.35135135135135137,0.12320916905444126,0.6804123711340205,0.27586206896551724,0.24074074074074076,0.2499999999999858,0.34375,0.2,0.605263157894737
0.11494252873563218,0.4594594594594595,0.031518624641833796,0.9175257731958762,0.456896551724138,0.5123456790123458,0.5,0.4895833333333335,0.3458333333333334,0.27631578947368407
0.43103448275862066,0.4594594594594595,0.23836676217765038,0.41237113402061853,0.05172413793103449,0.1234567901234568,0.5,0.4270833333333335,0.22500000000000003,0.644736842105263
0.18965517241379307,0.5193243243243244,0.06876790830945559,0.4020618556701031,0.6637931034482759,0.734567901234568,0.5,0.4900000000000004,0.6499999999999999,0.368421052631579
0.8160919540229884,0.4054054054054054,0.335243553008596,0.15463917525773194,0.13793103448275865,0.24691358024691357,0.5,0.33875000000000016,0.17083333333333328,0.6578947368421051
0.1379310344827586,0.5,0.01719197707736389,0.42268041237113396,0.043103448275862086,0.34567901234567905,0.5,0.4166666666666665,0.38333333333333325,0.368421052631579
0.43103448275862066,0.5405405405405406,0.335243553008596,0.39175257731958757,0.7586206896551725,0.654320987654321,0.5324999999999982,0.39583333333333304,0.35833333333333334,0.26315789473684204
0.37356321839080453,0.475,0.5730659025787964,0.5051546391752577,0.4479310344827588,0.7592592592592594,0.7499999999999858,0.2604166666666665,0.3166666666666667,0.21052631578947345
0.2816091954022988,0.39189189189189183,0.008595988538681945,0.2268041237113402,0.28448275862068967,0.35185185185185186,0.2499999999999858,0.4011458333333334,0.2791666666666666,0.6023684210526319
0.06896551724137931,0.470945945945946,0.20916905444126072,0.41237113402061853,0.5948275862068966,0.6296296296296298,0.5,0.4564583333333333,0.2791666666666666,0.48684210526315774
0.3483333333333334,0.7162162162162162,0.4269340974212035,0.4742268041237112,0.39655172413793105,0.580246913580247,0.727499999999987,0.3229166666666665,0.36612499999999976,0.23684210526315774
0.5574712643678161,0.2972972972972973,0.1833810888252149,0.45360824742268036,0.5344827586206897,0.54320987654321,0.4949999999999997,0.38541666666666696,0.5166666666666666,0.21052631578947345
0.22988505747126434,0.33783783783783783,0.025787965616045842,0.43639175257731916,0.46551724137931033,0.603641975308642,0.5,0.5227083333333333,0.4124999999999999,0.381578947368421
0.3390804597701149,0.33783783783783783,0.25326647564469923,0.30927835051546393,0.3448275862068966,0.45061728395061734,0.5,0.5416666666666665,0.14583333333333337,0.368421052631579
0.1379310344827586,0.4054054054054054,0.01719197707736389,0.4369072164948451,0.409655172413793,0.5761419753086416,0.5,0.29166666666666696,0.2,0.2236842105263157
0.4844827586206897,0.3108108108108108,0.288137535816619,0.15463917525773194,0.27586206896551724,0.4444444444444445,0.5,0.4166666666666665,0.39999999999999997,0.7368421052631577
0.005747126436781574,0.4594594594594595,0.5895988538681948,0.31958762886597936,0.4482758620689656,0.425925925925926,0.7499999999999858,0.3229166666666665,0.3590416666666667,0.5263157894736841
0.27189655172413796,0.35135135135135137,0.2521489971346705,0.40896907216494804,0.5344827586206897,0.6111111111111113,0.5,0.38541666666666696,0.3166666666666667,0.3421052631578947
0.3487356321839082,0.35135135135135137,0.4530085959885387,0.556701030927835,0.524137931034483,0.7530864197530865,0.7524999999999865,0.4583333333333335,0.2791666666666666,0.23684210526315774
0.22988505747126434,0.4189189189189189,0.16905444126074495,0.39175257731958757,0.456896551724138,0.46913580246913583,0.5,0.5416666666666665,0.5458333333333332,0.48684210526315774
0.30459770114942564,0.6216216216216216,0.3822922636103155,0.5360824742268041,0.3448275862068966,0.6851851851851852,0.7074999999999882,0.5,0.46666666666666673,0.17105263157894712
0.32132183908046,0.3243243243243243,0.5186246418338109,0.5051546391752577,0.7586206896551725,0.665493827160494,0.7499999999999858,0.3020833333333335,0.35833333333333334,0.26315789473684204
0.20689655172413787,0.5139189189189189,0.08595988538681948,0.3608247422680412,0.456896551724138,0.5493827160493828,0.2499999999999858,0.4645833333333336,0.2375,0.7368421052631577
0.24712643678160914,0.3243243243243243,0.04584527220630371,0.4421649484536079,0.31034482758620696,0.33333333333333337,0.5,0.5416666666666665,0.26666666666666666,0.32894736842105265
0.08045977011494251,0.5675675675675675,0.040114613180515755,0.3711340206185566,0.5344827586206897,0.5925925925925927,0.5,0.25,0.49166666666666664,0.4210526315789471
0.18965517241379307,0.5,0.10888252148997132,0.09278350515463915,0.20689655172413796,0.28395061728395066,0.2374999999999865,0.43302083333333363,0.3166666666666667,0.6973684210526316
0.17241379310344826,0.5405405405405406,0.0487106017191977,0.020618556701030938,0.20689655172413796,0.3580246913580247,0.2499999999999858,0.5937500000000004,0.425,0.7105263157894737
0.29885057471264365,0.5405405405405406,0.01719197707736389,0.7422680412371133,0.3041379310344827,0.46913580246913583,0.5,0.5520833333333335,0.3166666666666667,0.368421052631579
0.2816091954022988,0.6756756756756757,0.15873925501432656,0.18556701030927833,0.25862068965517243,0.3395061728395062,0.5,0.46875,0.3458333333333334,0.4948684210526315
0.17241379310344826,0.4054054054054054,0.002865329512893984,0.07216494845360824,0.01724137931034483,0.07407407407407408,0.2499999999999858,0.44791666666666696,0.17083333333333328,0.5935526315789477
0.26436781609195403,0.5,0.5816618911174785,0.556701030927835,0.5689655172413793,0.6812037037037044,0.7499999999999858,0.25,0.2791666666666666,0.18421052631578938
0.26436781609195403,0.6756756756756757,0.3123209169054441,0.4020618556701031,0.5948275862068966,0.7160493827160495,0.5,0.4166666666666665,0.2916666666666667,0.21052631578947345
0.4137931034482759,0.28378378378378377,0.008595988538681945,0.4742268041237112,0.42241379310344834,0.5679012345679013,0.5,0.375,0.2916666666666667,0.23684210526315774
0.22000000000000003,0.5,0.08309455587392547,0.4329896907216494,0.25000000000000006,0.5000000000000001,0.5,0.29166666666666696,0.39999999999999997,0.3121052631578946
0.17241379310344826,0.44081081081081086,0.008595988538681945,0.5154639175257731,0.25000000000000006,0.41358024691358025,0.5,0.3333333333333335,0.1166666666666667,0.5526315789473684
0.2843103448275865,0.6621621621621622,0.373467048710602,0.3608247422680412,0.3275862068965517,0.7160493827160495,0.7499999999999858,0.572916666666667,0.3458333333333334,0.3421052631578947
0.2816091954022988,0.4189189189189189,0.1289398280802292,0.14432989690721645,0.31017241379310345,0.3703703703703704,0.2499999999999858,0.25,0.3166666666666667,0.7105263157894737
0.3563218390804598,0.4021621621621623,0.33810888252148996,0.4948453608247422,0.5344827586206897,0.7283950617283952,0.7499999999999858,0.7395833333333335,0.46666666666666673,0.2894736842105261
0.29885057471264365,0.3243243243243243,0.01719197707736389,0.3608247422680412,0.20689655172413796,0.37654320987654327,0.45499999999999746,0.510416666666667,0.25000000000000006,0.4999999999999998
0.5047126436781605,0.1891891891891892,0.34383954154727797,0.2268041237113402,0.3793103448275862,0.49913580246913597,0.5,0.49927083333333344,0.3708333333333333,0.7894736842105263
0.22988505747126434,0.4729729729729729,0.43553008595988535,0.42865979381443275,0.42094827586206923,0.5308641975308643,0.7049999999999883,0.46875,0.2888333333333334,0.21052631578947345
0.4655172413793103,0.4729729729729729,0.3581661891117478,0.28865979381443296,0.39655172413793105,0.46913580246913583,0.5,0.25,0.1166666666666667,0.6625000000000001
0.23620689655172408,0.6621621621621622,0.28366762177650434,0.35051546391752575,0.31034482758620696,0.5679012345679013,0.5,0.4583333333333335,0.13333333333333336,0.3421052631578947
0.22988505747126434,0.39189189189189183,0.10601719197707735,0.11340206185567012,0.18965517241379312,0.32098765432098764,0.2499999999999858,0.4062499999999998,0.3708333333333333,0.7234210526315787
0.24712643678160914,0.5540540540540541,0.3610315186246418,0.268041237113402,0.31034482758620696,0.5679012345679013,0.5,0.4583333333333335,0.5166666666666666,0.32894736842105265
0.32183908045977017,0.35135135135135137,0.12194842406876787,0.29701030927835004,0.36206896551724144,0.4938271604938272,0.5,0.65625,0.35833333333333334,0.4736842105263155
0.24712643678160914,0.3783783783783784,0.37352435530085976,0.4329896907216494,0.36206896551724144,0.6248765432098768,0.7499999999999858,0.5416666666666665,0.2916666666666667,0.26315789473684204
0.26436781609195403,0.39189189189189183,0.014326647564469906,0.6494845360824741,0.3092241379310345,0.46913580246913583,0.4949999999999997,0.572916666666667,0.46666666666666673,0.3542763157894736
0.06321839080459771,0.5135135135135135,0.008595988538681945,0.3298969072164948,0.22413793103448276,0.29012345679012347,0.2499999999999858,0.29166666666666696,0.4124999999999999,0.5921052631578945
0.2562068965517243,0.45162162162162184,0.5272206303724928,0.42268041237113396,0.41810344827586204,0.5493827160493828,0.7499999999999858,0.3333333333333335,0.45,0.381578947368421
0.2827011494252874,0.42581081081081096,0.36962750716332377,0.4948453608247422,0.47422413793103446,0.6296296296296298,0.5,0.34375,0.3333333333333333,0.27631578947368407
0.17241379310344826,0.36486486486486486,0.4613180515759312,0.28865979381443296,0.4355172413793105,0.4938271604938272,0.5,0.3645833333333335,0.2791666666666666,0.43421052631578916
0.26436781609195403,0.3783783783783784,0.5050429799426932,0.41175257731958725,0.5437931034482759,0.6445061728395061,0.7499999999999858,0.375,0.2,0.17105263157894712
0.48275862068965514,0.35608108108108105,0.4719770773638967,0.5413402061855667,0.2155172413793104,0.6049382716049384,0.747499999999986,0.25,0.29020833333333323,0.2236842105263157
0.17241379310344826,0.4962162162162162,0.650429799426934,0.4742268041237112,0.47801724137931034,0.7160493827160495,1.0,0.510416666666667,0.46687499999999993,0.1315789473684208
0.20689655172413787,0.4189189189189189,0.2521489971346705,0.18556701030927833,0.4482758620689656,0.48629629629629634,0.5,0.3333333333333335,0.3458333333333334,0.48684210526315774
0.3563218390804598,0.6351351351351351,0.025787965616045842,0.42268041237113396,0.29275862068965536,0.7283950617283952,0.5,0.4270833333333335,0.2916666666666667,0.26315789473684204
0.22988505747126434,0.918918918918919,0.7555300859598856,0.4020618556701031,0.39655172413793105,0.506172839506173,0.9524999999999973,0.25,0.2,0.1315789473684208
0.6321839080459769,0.31108108108108096,0.09406876790830944,0.7835051546391751,0.10344827586206898,0.4327160493827161,0.5,0.29166666666666696,0.3333333333333333,0.23684210526315774
0.32183908045977017,0.4189189189189189,0.06017191977077364,0.39175257731958757,0.3767241379310348,0.8148148148148149,0.5,0.46875,0.5458333333333332,0.3157894736842104
0.1379310344827586,0.4189189189189189,0.652177650429799,0.4948453608247422,0.3448275862068966,0.7654320987654323,1.0,0.375,0.30416666666666664,0.17105263157894712
0.24712643678160914,0.6081081081081081,0.13753581661891115,0.16494845360824742,0.2155172413793104,0.48148148148148145,0.5,0.41614583333333366,0.3458333333333334,0.543157894736842
0.29885057471264365,0.5,0.002865329512893984,0.14432989690721645,0.10344827586206898,0.16049382716049387,0.0,0.3942708333333335,0.13333333333333336,0.894736842105263
0.17241379310344826,0.4189189189189189,0.03724928366762178,0.21701030927835022,0.36206896551724144,0.4320987654320988,0.2499999999999858,0.4895833333333335,0.21249999999999997,0.6973684210526316
0.3012643678160922,0.5135135135135135,0.3839541547277937,0.39092783505154594,0.7327586206896552,0.7646913580246913,0.5699999999999961,0.46875,0.4124999999999999,0.18421052631578938
0.26436781609195403,0.5270270270270271,0.5344699140401145,0.28865979381443296,0.456896551724138,0.5925925925925927,0.7399999999999863,0.22916666666666696,0.3166666666666667,0.17105263157894712
0.4482758620689655,0.33783783783783783,0.22063037249283665,0.2268041237113402,0.24137931034482762,0.45061728395061734,0.5,0.19791666666666652,0.5708333333333333,0.7265789473684211
0.09770114942528732,0.5128378378378379,0.008595988538681945,0.421443298969072,0.6379310344827587,0.5740740740740742,0.48499999999999915,0.3333333333333335,0.09166666666666667,0.21052631578947345
0.17241379310344826,0.5405405405405406,0.031518624641833796,0.27835051546391754,0.3793103448275862,0.39506172839506176,0.2874999999999882,0.677083333333333,0.35833333333333334,0.5921052631578945
0.17241379310344826,0.5405405405405406,0.3151862464183381,0.2268041237113402,0.560344827586207,0.6790123456790125,0.5,0.4583333333333335,0.04999999999999999,0.5040131578947367
0.33706896551724147,0.13513513513513514,0.025787965616045842,0.3718556701030925,0.25862068965517243,0.45759259259259266,0.5,0.44791666666666696,0.3333333333333333,0.2894736842105261
0.3908045977011494,0.8378378378378378,0.4498567335243553,0.268041237113402,0.6206896551724138,0.5864197530864199,0.7499999999999858,0.375,0.2791666666666666,0.1578947368421051
0.20689655172413787,0.43243243243243246,0.0630372492836676,0.1752577319587629,0.3879310344827586,0.33333333333333337,0.2499999999999858,0.5,0.4791666666666666,0.6842105263157896
0.32183908045977017,0.44594594594594594,0.01719197707736389,0.30927835051546393,0.15517241379310345,0.3580246913580247,0.2499999999999858,0.3229166666666665,0.21249999999999997,0.644736842105263
0.3908045977011494,0.4054054054054054,0.0487106017191977,0.23711340206185563,0.4482758620689656,0.54320987654321,0.2499999999999858,0.4932291666666667,0.25000000000000006,0.8118421052631577
0.045977011494252845,0.2972972972972973,0.5444126074498566,0.5257731958762886,0.25000000000000006,0.4578395061728396,0.5,0.35604166666666665,0.25000000000000006,0.644736842105263
0.37356321839080453,0.4594594594594595,0.4458452722063037,0.5360824742268041,0.560344827586207,0.8395061728395062,0.7374999999999887,0.5625,0.43749999999999994,0.39473684210526305
0.22988505747126434,0.6756756756756757,0.4383954154727793,0.35051546391752575,0.47655172413793134,0.5000000000000001,0.5,0.125,0.30416666666666664,0.18421052631578938
0.5574712643678161,0.8918918918918919,0.4584527220630372,0.4432989690721648,0.44439655172413767,0.6088271604938273,0.7499999999999858,0.3020833333333335,0.30416666666666664,0.11842105263157876
0.2816091954022988,0.7837837837837837,0.3237822349570201,0.3298969072164948,0.651551724137931,0.697530864197531,0.5299999999999983,0.3229166666666665,0.2,0.17105263157894712
0.4482758620689655,0.48648648648648646,0.03724928366762178,0.28865979381443296,0.10344827586206898,0.46913580246913583,0.5,0.4895833333333335,0.3333333333333333,0.5263157894736841
0.11494252873563218,0.4594594594594595,0.05444126074498567,0.31958762886597936,0.4137931034482759,0.41358024691358025,0.2499999999999858,0.4791666666666665,0.2916666666666667,0.6500000000000001
0.3670689655172413,0.36486486486486486,0.0,0.4644329896907212,0.11206896551724141,0.7283950617283952,0.5,0.375,0.27325000000000005,0.23684210526315774
0.08045977011494251,0.5270270270270271,0.04584527220630371,0.35051546391752575,0.2155172413793104,0.6111111111111113,0.5,0.43677083333333333,0.3166666666666667,0.3421052631578947
0.26436781609195403,0.24324324324324323,0.025787965616045842,0.5051546391752577,0.12068965517241381,0.4429012345679013,0.5,0.3645833333333335,0.25000000000000006,0.26315789473684204
0.3390804597701149,0.43243243243243246,0.22922636103151864,0.31958762886597936,0.15517241379310345,0.4197530864197531,0.47999999999999887,0.29166666666666696,0.46666666666666673,0.5526315789473684
0.24712643678160914,0.4054054054054054,0.04919770773638972,0.27835051546391754,0.10344827586206898,0.34567901234567905,0.2499999999999858,0.21875,0.17083333333333328,0.6518421052631581
0.24712643678160914,0.4729729729729729,0.01719197707736389,0.28865979381443296,0.22413793103448276,0.3438888888888888,0.2499999999999858,0.34375,0.3333333333333333,0.4473684210526314
0.4137931034482759,0.4594594594594595,0.05444126074498567,0.3608247422680412,0.6724137931034484,0.6604938271604939,0.2499999999999858,0.4895833333333335,0.39999999999999997,0.7717105263157891
0.21839080459770108,0.3243243243243243,0.11888252148997135,0.48453608247422675,0.368448275862069,0.5308641975308643,0.5,0.4166666666666665,0.21249999999999997,0.381578947368421
0.5229885057471264,0.3243243243243243,0.08595988538681948,0.04123711340206185,0.22413793103448276,0.28395061728395066,0.2499999999999858,0.29166666666666696,0.1833333333333333,0.605263157894737
0.20689655172413787,0.4463513513513513,0.27507163323782235,0.3402061855670102,0.353448275862069,0.6481481481481484,0.5,0.3972916666666667,0.17083333333333328,0.21052631578947345
0.22988505747126434,0.3783783783783784,0.20300859598853863,0.14432989690721645,0.27586206896551724,0.4567901234567902,0.5,0.510416666666667,0.2,0.5475
0.1551724137931034,0.35135135135135137,0.32793696275071627,0.48185567010309294,0.4975862068965518,0.7037037037037038,0.5099999999999995,0.4166666666666665,0.30416666666666664,0.32894736842105265
0.29885057471264365,0.44513513513513514,0.2830085959885387,0.28865979381443296,0.45844827586206904,0.5925925925925927,0.5,0.37218750000000006,0.2,0.23684210526315774
0.045977011494252845,0.36486486486486486,0.08309455587392547,0.25773195876288657,0.3448275862068966,0.271604938271605,0.4174999999999953,0.4583333333333335,0.7041666666666666,0.5789473684210524
0.11494252873563218,0.36486486486486486,0.17478510028653294,0.4329896907216494,0.24137931034482762,0.3580246913580247,0.49749999999999983,0.3333333333333335,0.3166666666666667,0.26315789473684204
0.43103448275862066,0.3108108108108108,0.2521489971346705,0.30927835051546393,0.39655172413793105,0.54320987654321,0.5,0.4270833333333335,0.5583333333333333,0.3421052631578947
0.18965517241379307,0.4543243243243243,0.16613180515759304,0.35051546391752575,0.39655172413793105,0.5339506172839505,0.5,0.3333333333333335,0.35833333333333334,0.27631578947368407
0.5057471264367815,0.3108108108108108,0.12429799426934092,0.4329896907216494,0.1810344827586207,0.37654320987654327,0.5,0.34375,0.29679166666666673,0.5526315789473684
0.3563218390804598,0.5675675675675675,0.30085959885386815,0.14432989690721645,0.5249999999999996,0.6790123456790125,0.5,0.29166666666666696,0.1166666666666667,0.5234210526315786
0.3108045977011497,0.22972972972972974,0.09169054441260743,0.43649484536082445,0.25000000000000006,0.46913580246913583,0.5,0.2604166666666665,0.30416666666666664,0.17105263157894712
0.32183908045977017,0.35135135135135137,0.0487106017191977,0.42268041237113396,0.11206896551724141,0.30864197530864196,0.5,0.39583333333333304,0.2,0.23684210526315774
0.32183908045977017,0.35135135135135137,0.5358166189111747,0.4607216494845359,0.5258620689655173,0.6913580246913581,0.7499999999999858,0.34375,0.38333333333333325,0.17105263157894712
0.20689655172413787,0.6621621621621622,0.13753581661891115,0.3402061855670102,0.27586206896551724,0.3888888888888889,0.5,0.34375,0.21249999999999997,0.43421052631578916
0.18965517241379307,0.4054054054054054,0.22063037249283665,0.3608247422680412,0.46551724137931033,0.6172839506172841,0.5,0.42989583333333337,0.2375,0.4473684210526314
0.30482758620689654,0.4682432432432432,0.03418338108882523,0.09278350515463915,0.5689655172413793,0.5679012345679013,0.2499999999999858,0.19791666666666652,0.1166666666666667,0.605263157894737
0.20724137931034495,0.44594594594594594,0.031518624641833796,0.4020618556701031,0.3612931034482759,0.543827160493827,0.5,0.39875000000000005,0.2791666666666666,0.43421052631578916
0.37356321839080453,0.4189189189189189,0.4154727793696275,0.31958762886597936,0.08620689655172416,0.3088888888888889,0.5,0.677083333333333,0.425,0.5921052631578945
0.2944252873563218,0.35135135135135137,0.16905444126074495,0.4049484536082471,0.17241379310344832,0.4753086419753087,0.5,0.4791666666666665,0.30416666666666664,0.18421052631578938
0.22988505747126434,0.44594594594594594,0.41189111747851015,0.5051546391752577,0.48275862068965514,0.6301851851851852,0.7499999999999858,0.6458333333333335,0.25000000000000006,0.3157894736842104
0.6954022988505747,0.39189189189189183,0.1518624641833811,0.15463917525773194,0.18965517241379312,0.3703703703703704,0.5,0.2604166666666665,0.2,0.7631578947368418
0.20689655172413787,0.4594594594594595,0.04584527220630371,0.5154639175257731,0.31034482758620696,0.5798765432098764,0.5,1.0,0.45,0.39473684210526305
0.5864367816091953,0.3243243243243243,0.20916905444126072,0.25773195876288657,0.353448275862069,0.4320987654320988,0.2499999999999858,0.375,0.2791666666666666,0.8552631578947365
0.43103448275862066,0.4729729729729729,0.04584527220630371,0.3402061855670102,0.06896551724137932,0.6419753086419755,0.2499999999999858,0.3645833333333335,0.2375,0.697763157894737
0.22988505747126434,0.36486486486486486,0.7206876790830941,0.23711340206185563,0.4913793103448276,0.6419753086419755,1.0,0.0,0.26666666666666666,0.2894736842105261
0.22988505747126434,0.43243243243243246,0.0487106017191977,0.28865979381443296,0.4310344827586208,0.4444444444444445,0.2499999999999858,0.4923958333333332,0.39999999999999997,0.6661842105263157
0.1379310344827586,0.48297297297297315,0.050802292263610334,0.31958762886597936,0.14655172413793105,0.35185185185185186,0.2499999999999858,0.31250000000000044,0.5041666666666667,0.7105263157894737
0.21839080459770108,0.5135135135135135,0.01719197707736389,0.7216494845360824,0.5172413793103449,0.4938271604938272,0.5,0.5416666666666665,0.22500000000000003,0.39473684210526305
0.3563218390804598,0.36486486486486486,0.4957020057306591,0.1752577319587629,0.22413793103448276,0.3580246913580247,0.5,0.21875,0.2,0.614342105263158
0.5977011494252873,0.3783783783783784,0.5128939828080228,0.5051546391752577,0.24137931034482762,0.6728395061728396,0.7499999999999858,0.5416666666666665,0.425,0.2236842105263157
0.4128735632183906,0.39189189189189183,0.5042979942693409,0.25773195876288657,0.2155172413793104,0.3395061728395062,0.5,0.4166666666666665,0.14583333333333337,0.6842105263157896
0.26436781609195403,0.3783783783783784,0.3662177650429799,0.1752577319587629,0.13793103448275865,0.2777777777777778,0.5,0.20833333333333348,0.1833333333333333,0.605263157894737
0.2816091954022988,0.28378378378378377,0.7048710601719197,0.4302061855670102,0.5810344827586209,0.7654320987654323,0.7499999999999858,0.28125,0.35833333333333334,0.2264473684210525
0.24712643678160914,0.39189189189189183,0.3524355300859599,0.27835051546391754,0.4765517241379314,0.8148148148148149,0.5,0.16666666666666696,0.2,0.5263157894736841
0.17241379310344826,0.2027027027027027,0.2664756446991404,0.39175257731958757,0.27586206896551724,0.4197530864197531,0.5,0.25,0.25775000000000003,0.32894736842105265
0.045977011494252845,0.4594594594594595,0.38968481375358166,0.5773195876288658,0.4310344827586208,0.4753086419753087,0.7499999999999858,0.4583333333333335,0.21249999999999997,0.27631578947368407
0.5977011494252873,0.43243243243243246,0.025787965616045842,0.41237113402061853,0.08620689655172416,0.23456790123456794,0.5,0.3333333333333335,0.2375,0.5921052631578945
0.1379310344827586,0.46824324324324323,0.5071633237822348,0.39175257731958757,0.5948275862068966,0.613827160493827,0.7499999999999858,0.791666666666667,0.6000000000000001,0.368421052631579
0.2816091954022988,0.4693243243243242,0.3685959885386821,0.3711340206185566,0.6306034482758627,0.7716049382716051,0.5849999999999952,0.5,0.425,0.26315789473684204
0.20689655172413787,0.4054054054054054,0.36962750716332377,0.1237113402061856,0.17241379310344832,0.4444444444444445,0.5,0.25,0.14583333333333337,0.43421052631578916
0.3563218390804598,0.43243243243243246,0.02292263610315185,0.48453608247422675,0.28448275862068967,0.7098765432098767,0.5,0.5416666666666665,0.26666666666666666,0.368421052631579
0.20689655172413787,0.33783783783783783,0.014326647564469906,0.4329896907216494,0.43353448275862083,0.6790123456790125,0.2499999999999858,0.666666666666667,0.5166666666666666,0.5394736842105261
0.48275862068965514,0.44594594594594594,0.14040114613180513,0.16494845360824742,0.4310344827586208,0.46777777777777757,0.2499999999999858,0.510416666666667,0.21249999999999997,0.8157894736842104
0.37356321839080453,0.3108108108108108,0.05444126074498567,0.6597938144329897,0.31034482758620696,0.506172839506173,0.5,0.49781249999999994,0.391625,0.3157894736842104
0.5977011494252873,0.3967567567567567,0.11676217765042972,0.2268041237113402,0.3275862068965517,0.3148148148148148,0.26249999999998763,0.28125,0.2,0.7631578947368418
0.48275862068965514,0.43243243243243246,0.03724928366762178,0.18556701030927833,0.4482758620689656,0.37654320987654327,0.2499999999999858,0.6354166666666665,0.425,0.7759210526315786
0.20689655172413787,0.47810810810810817,0.002865329512893984,0.24742268041237112,0.36206896551724144,0.32098765432098764,0.2499999999999858,0.38541666666666696,0.17083333333333328,0.5394736842105261
0.43103448275862066,0.5508108108108108,0.4627793696275072,0.39175257731958757,0.27586206896551724,0.6296296296296298,0.7499999999999858,0.38541666666666696,0.35833333333333334,0.1315789473684208
0.3390804597701149,0.7432432432432433,0.0630372492836676,0.3780412371134018,0.17241379310344832,0.4444444444444445,0.5,0.375,0.6125,0.3890789473684212
0.3151724137931035,0.4594594594594595,0.014326647564469906,0.24742268041237112,0.5344827586206897,0.6049382716049384,0.0,0.5520833333333335,0.1166666666666667,0.6598684210526319
0.09770114942528732,0.2972972972972973,0.03724928366762178,0.3402061855670102,0.3879310344827586,0.39506172839506176,0.2499999999999858,0.4791666666666665,0.1166666666666667,0.5921052631578945
0.1551724137931034,0.4189189189189189,0.6275071633237821,0.3711340206185566,0.42241379310344834,0.7530864197530865,0.7499999999999858,0.34375,0.35833333333333334,0.21052631578947345
0.24712643678160914,0.39189189189189183,0.5730659025787964,0.25979381443298927,0.5344827586206897,0.4938271604938272,0.5,0.5625,0.30416666666666664,0.5263157894736841
0.32183908045977017,0.3783783783783784,0.15472779369627507,0.3608247422680412,0.406206896551724,0.6049382716049384,0.5,0.4590625000000002,0.2791666666666666,0.4736842105263155
0.3563218390804598,0.4554054054054054,0.5186246418338109,0.3711340206185566,0.4137931034482759,0.48148148148148145,0.7424999999999862,0.29166666666666696,0.39999999999999997,0.1578947368421051
0.3155172413793105,0.6621621621621622,0.3610315186246418,0.1752577319587629,0.4310344827586208,0.7160493827160495,0.5,0.40260416666666676,0.17083333333333328,0.4736842105263155
0.32183908045977017,0.36486486486486486,0.2446418338108883,0.268041237113402,0.3318965517241378,0.506172839506173,0.5,0.4270833333333335,0.2791666666666666,0.4487499999999997
0.17241379310344826,0.432972972972973,0.10028653295128936,0.20618556701030924,0.27586206896551724,0.3754320987654324,0.5,0.42020833333333313,0.6000000000000001,0.5526315789473684
0.37356321839080453,0.35135135135135137,0.0630372492836676,0.4432989690721648,0.2931034482758621,0.5232716049382716,0.5,0.5937500000000004,0.3166666666666667,0.4210526315789471
0.19879310344827592,0.6756756756756757,0.031518624641833796,0.3711340206185566,0.31896551724137934,0.506172839506173,0.2499999999999858,0.4895833333333335,0.3333333333333333,0.644736842105263
0.29885057471264365,0.36824324324324337,0.1306017191977077,0.3402061855670102,0.2155172413793104,0.506172839506173,0.5,0.44145833333333334,0.3215416666666666,0.3157894736842104
0.20689655172413787,0.33783783783783783,0.2210888252148997,0.5051546391752577,0.44543103448275867,0.6851851851851852,0.5,0.3333333333333335,0.29904166666666676,0.23684210526315774
0.29885057471264365,0.25675675675675674,0.2664756446991404,0.3996907216494844,0.4838793103448278,0.6321604938271604,0.5,0.40625,0.14583333333333337,0.368421052631579
0.4482758620689655,0.6891891891891891,0.01719197707736389,0.2605154639175254,0.08620689655172416,0.37654320987654327,0.2499999999999858,0.677083333333333,0.25000000000000006,0.6842105263157896
0.322528735632184,0.39189189189189183,0.5259312320916903,0.41237113402061853,0.5689655172413793,0.734567901234568,0.7499999999999858,0.25,0.49166666666666664,0.26315789473684204
0.3563218390804598,0.4054054054054054,0.01719197707736389,0.18556701030927833,0.25862068965517243,0.3395061728395062,0.0,0.5416666666666665,0.22500000000000003,0.9736842105263157
0.18965517241379307,0.4189189189189189,0.23782234957020051,0.39175257731958757,0.31034482758620696,0.43549382716049373,0.5,0.5,0.35833333333333334,0.48684210526315774
0.24712643678160914,0.6351351351351351,0.680200573065902,0.41958762886597895,0.4310344827586208,0.9197530864197533,0.9224999999999955,0.28125,0.5708333333333333,0.17105263157894712
0.29885057471264365,0.4054054054054054,0.0630372492836676,0.27835051546391754,0.3879310344827586,0.4876543209876543,0.2499999999999858,0.15625,0.09166666666666667,0.605263157894737
0.2722413793103451,0.33783783783783783,0.7765042979942692,0.3608247422680412,0.5258620689655173,0.6172839506172841,0.9374999999999964,0.4281249999999998,0.3333333333333333,0.26315789473684204
0.5421839080459773,0.0,0.03724928366762178,0.5876288659793814,0.3879310344827586,0.3148148148148148,0.5,0.5,0.5833333333333333,0.48684210526315774
0.17241379310344826,0.35135135135135137,0.5444126074498566,0.39175257731958757,0.5360344827586206,0.5651234567901233,0.5,0.5,0.15833333333333338,0.48684210526315774
0.3563218390804598,0.43243243243243246,0.025787965616045842,0.2268041237113402,0.3275862068965517,0.6172839506172841,0.48749999999999927,0.20833333333333348,0.3222083333333333,0.43421052631578916
0.24712643678160914,0.36486486486486486,0.0487106017191977,0.41237113402061853,0.4310344827586208,0.654320987654321,0.5,0.5014583333333335,0.4124999999999999,0.3421052631578947
0.09770114942528732,0.4594594594594595,0.0,0.18556701030927833,0.27586206896551724,0.271604938271605,0.5,0.4895833333333335,0.3190833333333333,0.368421052631579
0.29885057471264365,0.35135135135135137,0.3762464183381088,0.4742268041237112,0.603448275862069,0.6666666666666667,0.534999999999998,0.3645833333333335,0.49166666666666664,0.3157894736842104
0.09770114942528732,0.36486486486486486,0.6733524355300858,0.4329896907216494,0.25862068965517243,0.5077160493827169,0.7499999999999858,0.16666666666666696,0.26666666666666666,0.11842105263157876
0.344367816091954,0.3243243243243243,0.03724928366762178,0.27835051546391754,0.3448275862068966,0.4320987654320988,0.2499999999999858,0.4583333333333335,0.3708333333333333,0.5921052631578945
0.20689655172413787,0.5540540540540541,0.6676217765042979,0.4001030927835048,0.603448275862069,0.7407407407407409,1.0,0.5520833333333335,0.4791666666666666,0.1578947368421051
0.29885057471264365,0.4594594594594595,0.4441260744985673,0.35051546391752575,0.5344827586206897,0.6094444444444442,0.7499999999999858,0.29166666666666696,0.2375,0.4210526315789471
0.20689655172413787,0.3783783783783784,0.3151862464183381,0.35051546391752575,0.6293103448275863,0.6790123456790125,0.5,0.375,0.425,0.3421052631578947
0.24712643678160914,0.4729729729729729,0.008595988538681945,0.45360824742268036,0.3793103448275862,0.5555555555555557,0.5,0.40750000000000014,0.2791666666666666,0.3421052631578947
0.5747126436781609,0.5540540540540541,0.06876790830945559,0.24742268041237112,0.22413793103448276,0.5555555555555557,0.5,0.31250000000000044,0.38333333333333325,0.5263157894736841
0.10919540229885058,0.5025675675675675,0.014326647564469906,0.4432989690721648,0.25862068965517243,0.3888888888888889,0.5,0.5520833333333335,0.3166666666666667,0.18421052631578938
0.29885057471264365,0.2027027027027027,0.031518624641833796,0.5051546391752577,0.29232758620689664,0.48148148148148145,0.5,0.375,0.2916666666666667,0.1315789473684208
0.43241379310344824,0.05405405405405406,0.01719197707736389,0.556701030927835,0.24137931034482762,0.4012345679012346,0.5,0.5,0.4124999999999999,0.21052631578947345
0.2816091954022988,0.4054054054054054,0.32091690544412604,0.42268041237113396,0.42241379310344834,0.580246913580247,0.5,0.25,0.46666666666666673,0.3421052631578947
0.26436781609195403,0.36486486486486486,0.3782234957020057,0.30927835051546393,0.39655172413793105,0.48148148148148145,0.5,0.5,0.14583333333333337,0.43059210526315783
0.3555747126436782,0.2972972972972973,0.489971346704871,0.268041237113402,0.28448275862068967,0.44475308641975325,0.5,0.25,0.13333333333333336,0.4473684210526314
0.1379310344827586,0.3783783783783784,0.41260744985673353,0.30927835051546393,0.31034482758620696,0.4197530864197531,0.5,0.3645833333333335,0.2916666666666667,0.4760526315789473
0.22988505747126434,0.7567567567567568,0.7163323782234956,0.5876288659793814,0.5775862068965517,0.6868209876543213,0.9174999999999953,0.34375,0.3342083333333332,0.2236842105263157
0.17241379310344826,0.35135135135135137,0.6361031518624641,0.3711340206185566,0.3854310344827587,0.46913580246913583,0.7499999999999858,0.25,0.2852499999999999,0.23684210526315774
0.1551724137931034,0.6216216216216216,0.13753581661891115,0.3298969072164948,0.5190517241379314,0.7283950617283952,0.5,0.4270833333333335,0.49166666666666664,0.42381578947368426
0.3563218390804598,0.39189189189189183,0.06590257879656158,0.27835051546391754,0.06896551724137932,0.8209876543209877,0.5,0.4270833333333335,0.5166666666666666,0.32894736842105265
0.26436781609195403,0.4594594594594595,0.1776504297994269,0.20618556701030924,0.36206896551724144,0.5143209876543211,0.5,0.4423958333333334,0.2,0.4473684210526314
0.43925287356321846,0.0945945945945946,0.014326647564469906,0.1958762886597938,0.08620689655172416,0.4938271604938272,0.3874999999999936,0.42562499999999986,0.06666666666666671,0.48684210526315774
0.2816091954022988,0.36486486486486486,0.031518624641833796,0.31958762886597936,0.18965517241379312,0.425925925925926,0.5,0.5833333333333335,0.5166666666666666,0.43421052631578916
0.20689655172413787,0.5270270270270271,0.23782234957020051,0.25773195876288657,0.48275862068965514,0.5370370370370371,0.2499999999999858,0.3645833333333335,0.13333333333333336,0.7894736842105263
0.37356321839080453,0.35135135135135137,0.29799426934097417,0.4329896907216494,0.39655172413793105,0.6049382716049384,0.7499999999999858,0.3333333333333335,0.26666666666666666,0.17105263157894712
0.29885057471264365,0.40878378378378377,0.031518624641833796,0.268041237113402,0.28448275862068967,0.4567901234567902,0.5,0.42833333333333334,0.3333333333333333,0.5526315789473684
0.1551724137931034,0.5540540540540541,0.014326647564469906,0.31958762886597936,0.4137931034482759,0.54320987654321,0.2499999999999858,0.17708333333333304,0.25000000000000006,0.5921052631578945
0.3563218390804598,0.5,0.02292263610315185,0.4432989690721648,0.1950862068965516,0.35185185185185186,0.5,0.42145833333333343,0.5166666666666666,0.3421052631578947
0.3563218390804598,0.6486486486486486,0.30085959885386815,0.4742268041237112,0.36206896551724144,0.5679012345679013,0.5,0.4166666666666665,0.39999999999999997,0.3157894736842104
0.3563218390804598,0.44594594594594594,0.06017191977077364,0.3402061855670102,0.3275862068965517,0.48148148148148145,0.2499999999999858,0.5520833333333335,0.25000000000000006,0.7696052631578948
0.2677586206896553,0.33783783783783783,0.5001432664756447,0.4022680412371132,0.4137931034482759,0.4567901234567902,0.67499999999999,0.44791666666666696,0.31783333333333336,0.25723684210526304
0.4137931034482759,0.35135135135135137,0.6790830945558738,0.41999999999999993,0.7413793103448276,0.8209876543209877,0.8774999999999931,0.31250000000000044,0.35595833333333354,0.26315789473684204
0.32183908045977017,0.2972972972972973,0.29799426934097417,0.3298969072164948,0.38241379310344814,0.6049382716049384,0.5,0.5105208333333335,0.5458333333333332,0.3157894736842104
0.7413793103448275,0.4054054054054054,0.15472779369627507,0.6185567010309277,0.3524137931034483,0.6358024691358026,0.5,0.44791666666666696,0.25000000000000006,0.18421052631578938
0.18965517241379307,0.8108108108108107,0.06017191977077364,0.39175257731958757,0.5172413793103449,0.6322222222222225,0.5,0.3020833333333335,0.4124999999999999,0.368421052631579
0.20689655172413787,0.2972972972972973,0.7249283667621776,0.3608247422680412,0.4053448275862065,0.40740740740740744,0.7649999999999867,0.4791666666666665,0.3333333333333333,0.17105263157894712
0.1379310344827586,0.5,0.031518624641833796,0.35051546391752575,0.15517241379310345,0.38271604938271603,0.5,0.4166666666666665,0.35833333333333334,0.4263157894736838
0.3563218390804598,0.2972972972972973,0.025787965616045842,0.39175257731958757,0.15517241379310345,0.5123456790123458,0.5,0.3333333333333335,0.7166666666666666,0.35276315789473695
0.3563218390804598,0.33783783783783783,0.06191977077363895,0.18556701030927833,0.353448275862069,0.4444444444444445,0.2499999999999858,0.5833333333333335,0.29849999999999993,0.7894736842105263
0.4137931034482759,0.2702702702702703,0.04584527220630371,0.20618556701030924,0.5344827586206897,0.6111111111111113,0.5,0.6354166666666665,0.3782916666666668,0.5263157894736841
0.22988505747126434,0.2702702702702703,0.48424068767908307,0.3608247422680412,0.32379310344827594,0.4938271604938272,0.5,0.21875,0.3708333333333333,0.2894736842105261
0.3390804597701149,0.5405405405405406,0.6671633237822345,0.35051546391752575,0.3879310344827586,0.5987654320987655,1.0,0.19791666666666652,0.3166666666666667,0.1578947368421051
0.32183908045977017,0.2972972972972973,0.5186246418338109,0.41237113402061853,0.456896551724138,0.6296296296296298,0.5,0.44791666666666696,0.3201666666666666,0.368421052631579
0.20689655172413787,0.5135135135135135,0.3810888252148997,0.451546391752577,0.3793103448275862,0.48148148148148145,0.5,0.22916666666666696,0.35529166666666634,0.3193421052631576
0.24712643678160914,0.5270270270270271,0.031518624641833796,0.46309278350515426,0.39655172413793105,0.6049382716049384,0.5,0.4583333333333335,0.38333333333333325,0.2236842105263157
0.37356321839080453,0.36486486486486486,0.3667621776504298,0.09278350515463915,0.6293103448275863,0.5987654320987655,0.5,0.4092708333333332,0.2,0.5263157894736841
0.22988505747126434,0.5675675675675675,0.7457879656160458,0.4329896907216494,0.3793103448275862,0.5493827160493828,1.0,0.4583333333333335,0.25000000000000006,0.1315789473684208
0.20689655172413787,0.5405405405405406,0.638968481375358,0.3402061855670102,0.48275862068965514,0.49074074074074076,1.0,0.32979166666666676,0.2375,0.18421052631578938
0.4655172413793103,0.7162162162162162,0.5530085959885386,0.42268041237113396,0.6982758620689655,0.5308641975308643,0.7424999999999871,0.20833333333333348,0.2916666666666667,0.18421052631578938
0.1379310344827586,0.4054054054054054,0.05444126074498567,0.28865979381443296,0.42241379310344834,0.5142592592592592,0.5,0.5520833333333335,0.1833333333333333,0.4066447368421051
0.32183908045977017,0.5045945945945944,0.5297421203438392,0.42268041237113396,0.6896551724137931,0.6265432098765433,0.747499999999986,0.31250000000000044,0.2916666666666667,0.18421052631578938
0.22988505747126434,0.4594594594594595,0.02292263610315185,0.14432989690721645,0.24137931034482762,0.41358024691358025,0.2499999999999858,0.504479166666667,0.1833333333333333,0.8157894736842104
0.24712643678160914,0.36486486486486486,0.48424068767908307,0.24742268041237112,0.4310344827586208,0.6728395061728396,0.7499999999999858,0.44791666666666696,0.2791666666666666,0.17105263157894712
0.18965517241379307,0.5945945945945946,0.0487106017191977,0.268041237113402,0.08620689655172416,0.4444444444444445,0.5,0.2604166666666665,0.3996249999999999,0.4309210526315784
0.3563218390804598,0.4113513513513514,0.16905444126074495,0.396288659793814,0.3275862068965517,0.7901234567901236,0.5,0.625,0.45,0.4210526315789471
0.22988505747126434,0.43243243243243246,0.3524355300859599,0.5257731958762886,0.5172413793103449,0.7222222222222223,0.5,0.4270833333333335,0.22500000000000003,0.32894736842105265
0.24712643678160914,0.2972972972972973,0.031518624641833796,0.28865979381443296,0.4137931034482759,0.5485802469135803,0.5,0.6354166666666665,0.32066666666666677,0.32894736842105265
0.17241379310344826,0.5,0.08630372492836677,0.42268041237113396,0.2931034482758621,0.4876543209876543,0.5,0.43041666666666667,0.38333333333333325,0.48684210526315774
0.18965517241379307,0.5,0.03724928366762178,0.42268041237113396,0.24137931034482762,0.34567901234567905,0.5,0.40625,0.3333333333333333,0.4999999999999998
0.29885057471264365,0.3243243243243243,0.17478510028653294,0.9999999999999999,0.3879310344827586,0.48148148148148145,0.5,0.39583333333333304,0.3458333333333334,0.27631578947368407
0.2816091954022988,0.4594594594594595,0.2693409742120344,0.18556701030927833,0.2155172413793104,0.3816666666666666,0.5,0.3333333333333335,0.24704166666666671,0.4473684210526314
0.17241379310344826,0.4594594594594595,0.3982808022922636,0.3298969072164948,0.4137931034482759,0.7839506172839508,0.5,0.4225000000000001,0.2791666666666666,0.368421052631579
0.32183908045977017,0.48270270270270266,0.20630372492836674,0.4046391752577314,0.48275862068965514,0.6172839506172841,0.5,0.375,0.3333333333333333,0.39473684210526305
0.18965517241379307,0.5405405405405406,0.01719197707736389,0.30927835051546393,0.4137931034482759,0.39506172839506176,0.5,0.4583333333333335,0.35962500000000025,0.48684210526315774
0.4137931034482759,0.43243243243243246,0.008595988538681945,0.3298969072164948,0.42241379310344834,0.45061728395061734,0.2499999999999858,0.31250000000000044,0.1833333333333333,0.6719736842105267
0.3364942528735635,0.35135135135135137,0.08595988538681948,0.3402061855670102,0.2931034482758621,0.29629629629629634,0.2499999999999858,0.4701041666666667,0.3708333333333333,0.6973684210526316
0.08045977011494251,0.3783783783783784,0.163323782234957,0.18556701030927833,0.13793103448275865,0.39506172839506176,0.5,0.4791666666666665,0.30416666666666664,0.4210526315789471
0.2270114942528736,0.4502702702702706,0.04584527220630371,0.1752577319587629,0.24137931034482762,0.4567901234567902,0.44249999999999673,0.38541666666666696,0.21249999999999997,0.4999999999999998
0.1379310344827586,0.35135135135135137,0.5476504297994267,0.4432989690721648,0.17241379310344832,0.5679012345679013,0.7499999999999858,0.25,0.26666666666666666,0.23684210526315774
0.3390804597701149,0.3931081081081082,0.040114613180515755,0.24742268041237112,0.4482758620689656,0.7530864197530865,0.5,0.4895833333333335,0.4791666666666666,0.4210526315789471
0.3563218390804598,0.3783783783783784,0.22349570200573063,0.42288659793814404,0.3275862068965517,0.46913580246913583,0.5,0.40625,0.3708333333333333,0.381578947368421
0.2816091954022988,0.44594594594594594,0.014326647564469906,0.16494845360824742,0.5,0.4197530864197531,0.2499999999999858,0.5833333333333335,0.26666666666666666,0.5921052631578945
0.20689655172413787,0.44310810810810813,0.025787965616045842,0.38422680412371113,0.13793103448275865,0.35185185185185186,0.5,0.40625,0.26666666666666666,0.3421052631578947
0.2816091954022988,0.44702702702702696,0.34383954154727797,0.428762886597938,0.5948275862068966,0.7407407407407409,0.5,0.46875,0.22500000000000003,0.39473684210526305
0.4482758620689655,0.2702702702702703,0.22349570200573063,0.24742268041237112,0.1810344827586207,0.43827160493827166,0.5,0.4677083333333335,0.26666666666666666,0.368421052631579
0.8160919540229884,0.2027027027027027,0.41260744985673353,0.20618556701030924,0.18965517241379312,0.46913580246913583,0.5,0.5833333333333335,0.37095833333333333,0.381578947368421
0.3563218390804598,0.44594594594594594,0.06876790830945559,0.35051546391752575,0.327844827586207,0.46913580246913583,0.2499999999999858,0.572916666666667,0.2791666666666666,0.8026315789473684
0.24712643678160914,0.36486486486486486,0.025787965616045842,0.5154639175257731,0.353448275862069,0.580246913580247,0.5,0.4583333333333335,0.3877083333333335,0.26315789473684204
0.29879310344827603,0.3243243243243243,0.5415472779369627,0.3608247422680412,0.5258620689655173,0.4444444444444445,0.7499999999999858,0.29166666666666696,0.43749999999999994,0.3421052631578947
0.23275862068965522,0.47851351351351346,0.0828080229226361,0.3608247422680412,0.1810344827586207,0.5000000000000001,0.5,0.375,0.37200000000000016,0.3842105263157891
0.17241379310344826,0.4594594594594595,0.22349570200573063,0.25773195876288657,0.3448275862068966,0.40185185185185207,0.47999999999999887,0.4270833333333335,0.30416666666666664,0.605263157894737
0.4655172413793103,0.2702702702702703,0.03724928366762178,0.4075257731958761,0.25000000000000006,0.5308641975308643,0.5,0.3645833333333335,0.40720833333333334,0.3157894736842104
0.18965517241379307,0.7432432432432433,0.5353008595988537,0.4742268041237112,0.36206896551724144,0.5801543209876541,0.7499999999999858,0.19791666666666652,0.2791666666666666,0.21052631578947345
0.24712643678160914,0.5,0.04584527220630371,0.20618556701030924,0.043103448275862086,0.20987654320987653,0.2499999999999858,0.40479166666666694,0.14583333333333337,0.6794736842105267
0.5057471264367815,0.22972972972972974,0.3667621776504298,0.7835051546391751,0.5517241379310346,0.7440123456790121,0.7499999999999858,0.6979166666666665,0.41979166666666656,0.23684210526315774
0.17241379310344826,0.4054054054054054,0.23209169054441256,0.24742268041237112,0.3793103448275862,0.580246913580247,0.7499999999999858,0.6979166666666665,0.22500000000000003,0.07894736842105243
0.43103448275862066,0.33783783783783783,0.25501432664756446,0.25773195876288657,0.4137931034482759,0.38271604938271603,0.5,0.16666666666666696,0.0,0.7368421052631577
0.5574712643678161,0.2641891891891891,0.18303724928366752,0.3402061855670102,0.18965517241379312,0.48148148148148145,0.5,0.46489583333333323,0.25000000000000006,0.4210526315789471
0.22224137931034488,0.3912162162162162,0.4154727793696275,0.3402061855670102,0.2155172413793104,0.44919753086419756,0.5,0.2604166666666665,0.2714583333333335,0.3242105263157894
0.20689655172413787,0.44594594594594594,0.06017191977077364,0.45360824742268036,0.14655172413793105,0.271604938271605,0.5,0.44791666666666696,0.2375,0.4473684210526314
0.18390804597701146,0.21621621621621623,0.19074498567335232,0.4432989690721648,0.3275862068965517,0.4320987654320988,0.5,0.3837500000000001,0.2,0.48684210526315774
0.22988505747126434,0.35135135135135137,0.335243553008596,0.48453608247422675,0.5172413793103449,0.6591975308641972,0.5199999999999989,0.375,0.3458333333333334,0.23684210526315774
0.2816091954022988,0.46108108108108103,0.19770773638968478,0.24742268041237112,0.5258620689655173,0.6172839506172841,0.5,0.4107291666666668,0.3708333333333333,0.43421052631578916
0.18965517241379307,0.43243243243243246,0.03724928366762178,0.3711340206185566,0.2912068965517242,0.34567901234567905,0.2499999999999858,0.4828125,0.38604166666666645,0.7631578947368418
0.4047701149425286,0.0945945945945946,0.28939828080229224,0.3608247422680412,0.36206896551724144,0.5555555555555557,0.5,0.572916666666667,0.45,0.2894736842105261
0.11494252873563218,0.39189189189189183,0.07163323782234957,0.18556701030927833,0.5689655172413793,0.4444444444444445,0.2499999999999858,0.29166666666666696,0.13333333333333336,0.8552631578947365
0.20689655172413787,0.48648648648648646,0.025787965616045842,0.5051546391752577,0.2155172413793104,0.5864197530864199,0.5,0.44791666666666696,0.39999999999999997,0.4210526315789471
0.8505747126436781,0.5270270270270271,0.14040114613180513,0.24742268041237112,0.22413793103448276,0.4567901234567902,0.5,0.5312500000000004,0.38670833333333343,0.8421052631578945
0.5229885057471264,0.35135135135135137,0.08595988538681948,0.28865979381443296,0.42241379310344834,0.7283950617283952,0.5,0.5351041666666667,0.35833333333333334,0.48684210526315774
0.3563218390804598,0.44594594594594594,0.12320916905444126,0.23711340206185563,0.25862068965517243,0.38172839506172873,0.2499999999999858,0.44791666666666696,0.36879166666666663,0.644736842105263
0.22988505747126434,0.44594594594594594,0.029828080229226415,0.35051546391752575,0.5,0.40740740740740744,0.2499999999999858,0.29166666666666696,0.5583333333333333,0.48684210526315774
0.26436781609195403,0.6081081081081081,0.32091690544412604,0.41237113402061853,0.5689655172413793,0.7654320987654322,0.5,0.44791666666666696,0.39999999999999997,0.18421052631578938
0.37356321839080453,0.44594594594594594,0.5444126074498566,0.28865979381443296,0.353448275862069,0.4320987654320988,0.5,0.29166666666666696,0.2935416666666664,0.4210526315789471
0.39034482758620676,0.3243243243243243,0.14040114613180513,0.3711340206185566,0.3879310344827586,0.5246913580246915,0.5,0.39583333333333304,0.32279166666666675,0.5789473684210524
0.32183908045977017,0.5,0.3810888252148997,0.27835051546391754,0.15517241379310345,0.271604938271605,0.5,0.3020833333333335,0.4124999999999999,0.5394736842105261
0.7586206896551724,0.08108108108108107,0.08595988538681948,0.43340206185567004,0.31896551724137934,0.28395061728395066,0.5,0.5520833333333335,0.26666666666666666,0.2236842105263157
0.26436781609195403,0.5047297297297297,0.42120343839541546,0.3608247422680412,0.6127586206896555,0.9444444444444446,0.7499999999999858,0.4895833333333335,0.3166666666666667,0.26315789473684204
0.23563218390804594,0.36486486486486486,0.15673352435530072,0.1958762886597938,0.23508620689655163,0.4444444444444445,0.5,0.4409375000000001,0.35833333333333334,0.23684210526315774
0.20689655172413787,0.2972972972972973,0.01719197707736389,0.28865979381443296,0.03448275862068967,0.46913580246913583,0.2499999999999858,0.34375,0.1833333333333333,0.5526315789473684
0.1379310344827586,0.48648648648648646,0.02292263610315185,0.268041237113402,0.4310344827586208,0.43827160493827166,0.5,0.5,0.3682499999999999,0.26315789473684204
0.20689655172413787,0.4594594594594595,0.01719197707736389,0.268041237113402,0.3448275862068966,0.35185185185185186,0.2499999999999858,0.4328125,0.6791666666666667,0.631578947368421
0.39586206896551734,0.4054054054054054,0.01719197707736389,0.1958762886597938,0.1810344827586207,0.271604938271605,0.2499999999999858,0.40625,0.49166666666666664,0.8552631578947365
0.09770114942528732,0.4641891891891894,0.08309455587392547,0.35051546391752575,0.36206896551724144,0.3271604938271605,0.2499999999999858,0.14583333333333348,0.3166666666666667,0.5526315789473684
0.1551724137931034,0.4054054054054054,0.5501432664756446,0.4742268041237112,0.5344827586206897,0.6116975308641974,0.7499999999999858,0.38541666666666696,0.32479166666666714,0.18421052631578938
0.2816091954022988,0.6621621621621622,0.20057306590257876,0.31958762886597936,0.18965517241379312,0.3703703703703704,0.5,0.375,0.14583333333333337,0.368421052631579
0.26436781609195403,0.3783783783783784,0.42120343839541546,0.21288659793814405,0.6206896551724138,0.4938271604938272,0.5,0.4583333333333335,0.15833333333333338,0.4999999999999998
0.29885057471264365,0.4729729729729729,0.32091690544412604,0.41237113402061853,0.8448275862068966,0.7197839506172844,0.5,0.4791666666666665,0.26666666666666666,0.26315789473684204
0.22741379310344836,0.41378378378378394,0.2693409742120344,0.5257731958762886,0.4310344827586208,0.6296296296296298,0.5,0.4219791666666666,0.2375,0.32894736842105265
0.4137931034482759,0.48648648648648646,0.08309455587392547,0.24103092783505112,0.27586206896551724,0.4753086419753087,0.2499999999999858,0.47802083333333334,0.39999999999999997,0.8157894736842104
0.09770114942528732,0.44837837837837846,0.02292263610315185,0.27835051546391754,0.28448275862068967,0.38271604938271603,0.49749999999999983,0.46875,0.45,0.4473684210526314
0.7988505747126436,0.28378378378378377,0.3492550143266477,0.4948453608247422,0.4482758620689656,0.7003086419753085,0.6449999999999918,0.5019791666666665,0.4159166666666669,0.4210526315789471
0.11494252873563218,0.518783783783784,0.07163323782234957,0.4742268041237112,0.6724137931034484,0.7037037037037038,0.49249999999999955,0.5398958333333336,0.7041666666666666,0.43421052631578916
0.43103448275862066,0.9324324324324323,0.02292263610315185,0.5257731958762886,0.11206896551724141,0.6604938271604939,0.5,0.31250000000000044,0.3166666666666667,0.2894736842105261
0.18080459770114948,0.5270270270270271,0.031518624641833796,0.3158762886597933,0.27586206896551724,0.39506172839506176,0.5,0.4166666666666665,0.3166666666666667,0.5394736842105261
0.3390804597701149,0.5047297297297297,0.5209169054441258,0.35051546391752575,0.7327586206896552,0.654320987654321,0.7499999999999858,0.28125,0.33170833333333344,0.2236842105263157
0.1551724137931034,0.5270270270270271,0.01719197707736389,0.268041237113402,0.3448275862068966,0.30864197530864196,0.5,0.40625,0.35833333333333334,0.4490789473684205
0.34482758620689646,0.2702702702702703,0.0630372492836676,0.42268041237113396,0.1810344827586207,0.506172839506173,0.5,0.4583333333333335,0.6000000000000001,0.3421052631578947
0.17241379310344826,0.5135135135135135,0.02292263610315185,0.24742268041237112,0.29448275862068984,0.38858024691358056,0.0,0.3645833333333335,0.38333333333333325,0.6886842105263156
0.02298850574712641,0.48959459459459476,0.06017191977077364,0.3608247422680412,0.5172413793103449,0.5990740740740739,0.5,0.5,0.6791666666666667,0.5921052631578945
0.43103448275862066,0.6621621621621622,0.29799426934097417,0.3711340206185566,0.6724137931034484,0.8024691358024694,0.5,0.3333333333333335,0.22500000000000003,0.17105263157894712
0.1379310344827586,0.4189189189189189,0.03724928366762178,0.3253608247422675,0.3879310344827586,0.48148148148148145,0.5,0.47656249999999983,0.5833333333333333,0.4210526315789471
0.26436781609195403,0.44594594594594594,0.06017191977077364,0.09278350515463915,0.155948275862069,0.271604938271605,0.2499999999999858,0.5,0.2962916666666668,0.7139473684210529
0.1551724137931034,0.5055405405405401,0.01719197707736389,0.2908247422680408,0.3448275862068966,0.30864197530864196,0.5,0.40625,0.35833333333333334,0.43421052631578916
0.20689655172413787,0.44594594594594594,0.05444126074498567,0.3711340206185566,0.3275862068965517,0.3703703703703704,0.3924999999999939,0.6458333333333335,0.425,0.5921052631578945
0.08045977011494251,0.3783783783783784,0.6361031518624641,0.4432989690721648,0.31034482758620696,0.5679012345679013,0.8349999999999906,0.21875,0.21249999999999997,0.16315789473684186
0.22988505747126434,0.45702702702702713,0.6131805157593122,0.5257731958762886,0.34482758620689674,0.563641975308642,0.7499999999999858,0.23958333333333348,0.3333333333333333,0.17105263157894712
0.20689655172413787,0.5540540540540541,0.2693409742120344,0.24742268041237112,0.42241379310344834,0.4320987654320988,0.5,0.4131249999999999,0.30416666666666664,0.605263157894737
0.3083908045977012,0.25675675675675674,0.27793696275071633,0.3298969072164948,0.6896551724137931,0.5740740740740742,0.5,0.46875,0.1833333333333333,0.3421052631578947
0.21839080459770108,0.5405405405405406,0.15472779369627507,0.1958762886597938,0.31034482758620696,0.4444444444444445,0.2499999999999858,0.791666666666667,0.17083333333333328,0.755
0.21890804597701158,0.6081081081081081,0.04727793696275071,0.3711340206185566,0.4310344827586208,0.4444444444444445,0.2499999999999858,0.40625,0.3333333333333333,0.6842105263157896
0.19655172413793098,0.6621621621621622,0.6676217765042979,0.39175257731958757,0.12068965517241381,0.4444444444444445,0.8449999999999912,0.4166666666666665,0.2916666666666667,0.26315789473684204
0.43103448275862066,0.21621621621621623,0.1777077363896846,0.27835051546391754,0.27586206896551724,0.4320987654320988,0.5,0.4584375,0.2916666666666667,0.4522368421052635
0.20689655172413787,0.2702702702702703,0.6962750716332378,0.3608247422680412,0.4482758620689656,0.4197530864197531,0.7499999999999858,0.4583333333333335,0.30416666666666664,0.1578947368421051
0.3390804597701149,0.3108108108108108,0.014326647564469906,0.3608247422680412,0.4137931034482759,0.697530864197531,0.2499999999999858,0.510416666666667,0.14583333333333337,0.6309210526315793
0.4137931034482759,0.43243243243243246,0.335243553008596,0.28865979381443296,0.07758620689655173,0.09876543209876544,0.2499999999999858,0.4583333333333335,0.17083333333333328,0.8157894736842104
0.3986781609195401,0.39189189189189183,0.6418338108882521,0.1237113402061856,0.22413793103448276,0.54320987654321,0.5,0.375,0.3333333333333333,0.6973684210526316
0.2243103448275862,0.4937837837837841,0.5186246418338109,0.42989690721649426,0.25000000000000006,0.4808641975308646,0.7274999999999874,0.20833333333333348,0.3333333333333333,0.21052631578947345
0.5229885057471264,0.35135135135135137,0.4154727793696275,0.5360824742268041,0.353448275862069,0.7037037037037038,0.5,0.29166666666666696,0.25000000000000006,0.4999999999999998
0.11494252873563218,0.39189189189189183,0.19197707736389683,0.1752577319587629,0.25862068965517243,0.4012345679012346,0.2499999999999858,0.38541666666666696,0.14583333333333337,0.7414473684210531
0.09770114942528732,0.5,0.02292263610315185,0.300927835051546,0.4913793103448276,0.46913580246913583,0.2499999999999858,0.4270833333333335,0.3708333333333333,0.6207894736842107
0.7413793103448275,0.3243243243243243,0.06017191977077364,0.35051546391752575,0.13793103448275865,0.5925925925925927,0.2499999999999858,0.4583333333333335,0.49166666666666664,0.7889473684210533
0.24712643678160914,0.5405405405405406,0.6676217765042979,0.45360824742268036,0.5856034482758623,0.7138271604938273,0.7499999999999858,0.44791666666666696,0.3606249999999999,0.23684210526315774
0.8160919540229884,0.22972972972972974,0.33810888252148996,0.31958762886597936,0.12068965517241381,0.20370370370370372,0.5,0.3333333333333335,0.09166666666666667,0.26315789473684204
0.29885057471264365,0.33783783783783783,0.04584527220630371,0.3298969072164948,0.07758620689655173,0.40740740740740744,0.5,0.3333333333333335,0.4124999999999999,0.17105263157894712
0.2816091954022988,0.2027027027027027,0.01719197707736389,0.49515463917525765,0.3793103448275862,0.46913580246913583,0.5,0.3333333333333335,0.30416666666666664,0.1315789473684208
0.1379310344827586,0.6621621621621622,0.014326647564469906,0.23711340206185563,0.2336206896551724,0.29012345679012347,0.5,0.25,0.35325,0.4210526315789471
0.24712643678160914,0.39189189189189183,0.05444126074498567,0.11340206185567012,0.18965517241379312,0.30864197530864196,0.2499999999999858,0.42812499999999987,0.2916666666666667,0.7894736842105263
0.35252873563218423,0.13513513513513514,0.5587392550143266,0.3608247422680412,0.5757758620689654,0.8395061728395062,0.7499999999999858,0.34375,0.35833333333333334,0.18421052631578938
0.7586206896551724,0.35135135135135137,0.22349570200573063,0.28865979381443296,0.28448275862068967,0.4938271604938272,0.2499999999999858,0.3645833333333335,0.04999999999999999,0.868421052631579
0.26436781609195403,0.5270270270270271,0.06017191977077364,0.268041237113402,0.31896551724137934,0.46913580246913583,0.2499999999999858,0.48197916666666674,0.26666666666666666,0.7368421052631577
0.3908045977011494,0.35135135135135137,0.031518624641833796,0.2824742268041234,0.17241379310344832,0.3960493827160494,0.5,0.4791666666666665,0.17083333333333328,0.45868421052631525
0.3563218390804598,0.39189189189189183,0.09169054441260743,0.14432989690721645,0.39655172413793105,0.39506172839506176,0.5,0.3947916666666665,0.2929166666666667,0.52125
0.2816091954022988,0.3243243243243243,0.3839541547277937,0.3608247422680412,0.603448275862069,0.6878395061728392,0.5,0.5416666666666665,0.2,0.23684210526315774
0.3563218390804598,0.3077027027027026,0.03724928366762178,0.3711340206185566,0.3275862068965517,0.3703703703703704,0.5,0.5215624999999999,0.4791666666666666,0.381578947368421
0.29885057471264365,0.6216216216216216,0.47277936962750716,0.4742268041237112,0.5106034482758625,0.6851851851851852,0.7499999999999858,0.4166666666666665,0.5833333333333333,0.23684210526315774
0.32183908045977017,0.33783783783783783,0.37438395415472775,0.48453608247422675,0.36206896551724144,0.734567901234568,0.7074999999999882,0.4895833333333335,0.26666666666666666,0.17105263157894712
0.24712643678160914,0.4594594594594595,0.1776504297994269,0.31958762886597936,0.46551724137931033,0.6172839506172841,0.5,0.44791666666666696,0.4791666666666666,0.4473684210526314
0.3908045977011494,0.4729729729729729,0.025787965616045842,0.4329896907216494,0.06896551724137932,0.6296296296296298,0.5,0.4791666666666665,0.25000000000000006,0.4736842105263155
0.32183908045977017,0.5675675675675675,0.04584527220630371,0.20618556701030924,0.31896551724137934,0.3395061728395062,0.5,0.40583333333333355,0.21249999999999997,0.5921052631578945
0.20689655172413787,0.43243243243243246,0.23209169054441256,0.48453608247422675,0.4310344827586208,0.580246913580247,0.5,0.44791666666666696,0.45,0.48684210526315774
0.2816091954022988,0.24324324324324323,0.025787965616045842,0.24742268041237112,0.1810344827586207,0.5123456790123458,0.5,0.5520833333333335,0.15833333333333338,0.381578947368421
0.24712643678160914,0.5,0.24355300859598852,0.16494845360824742,0.4137931034482759,0.4197530864197531,0.2499999999999858,0.4270833333333335,0.14583333333333337,0.7631578947368418
0.3390804597701149,0.43243243243243246,0.025787965616045842,0.10309278350515463,0.17241379310344832,0.14814814814814814,0.2499999999999858,0.5833333333333335,0.15833333333333338,0.605263157894737
0.24712643678160914,0.6351351351351351,0.02292263610315185,0.35051546391752575,0.1810344827586207,0.37907407407407406,0.5,0.42854166666666677,0.2916666666666667,0.5263157894736841
0.3563218390804598,0.6081081081081081,0.2219484240687678,0.4044329896907212,0.8448275862068966,0.6657716049382725,0.5,0.28125,0.21249999999999997,0.18421052631578938
0.20689655172413787,0.44594594594594594,0.040114613180515755,0.36999999999999966,0.7413793103448276,0.6296296296296298,0.5,0.49812499999999993,0.43749999999999994,0.4210526315789471
0.7586206896551724,0.35256756756756746,0.3237822349570201,0.268041237113402,0.24137931034482762,0.654320987654321,0.5,0.5,0.3166666666666667,0.7368421052631577
0.4826436781609194,0.2702702702702703,0.025787965616045842,0.556701030927835,0.14655172413793105,0.6481481481481484,0.5,0.31250000000000044,0.22500000000000003,0.23684210526315774
0.2816091954022988,0.4601351351351353,0.0630372492836676,0.2914432989690716,0.08620689655172416,0.25308641975308643,0.2499999999999858,0.3645833333333335,0.3333333333333333,0.6248684210526312
0.22988505747126434,0.6621621621621622,0.32091690544412604,0.25773195876288657,0.22413793103448276,0.34567901234567905,0.5,0.29166666666666696,0.14583333333333337,0.5323684210526313
0.06321839080459771,0.6621621621621622,0.23209169054441256,0.4742268041237112,0.22413793103448276,0.4444444444444445,0.5,0.5833333333333335,0.17083333333333328,0.23684210526315774
0.20689655172413787,0.6621621621621622,0.4815472779369627,0.41237113402061853,0.5689655172413793,0.7592592592592594,0.7499999999999858,0.5416666666666665,0.44258333333333355,0.381578947368421
0.43103448275862066,0.4527027027027027,0.4834097421203436,0.6597938144329897,0.3463793103448274,0.5740740740740742,0.7499999999999858,0.25,0.3382499999999999,0.21052631578947345
0.18965517241379307,0.6621621621621622,0.04584527220630371,0.28865979381443296,0.48275862068965514,0.580246913580247,0.2499999999999858,0.5520833333333335,0.2791666666666666,0.7006578947368421
0.689655172413793,0.43243243243243246,0.025787965616045842,0.09278350515463915,0.22413793103448276,0.37691358024691374,0.2499999999999858,0.39583333333333304,0.39999999999999997,0.8157894736842104
0.17241379310344826,0.5135135135135135,0.008595988538681945,0.23597938144329864,0.2155172413793104,0.25925925925925924,0.38249999999999335,0.4583333333333335,0.1833333333333333,0.5263157894736841
0.26436781609195403,0.3243243243243243,0.040114613180515755,0.41237113402061853,0.27586206896551724,0.46913580246913583,0.5,0.5937500000000004,0.49166666666666664,0.368421052631579
0.2816091954022988,0.25675675675675674,0.19025787965616037,0.4432989690721648,0.36224137931034484,0.5900000000000001,0.5,0.40625,0.38333333333333325,0.2894736842105261
0.49143678160919557,0.06756756756756757,0.031518624641833796,0.5876288659793814,0.17241379310344832,0.45061728395061734,0.5,0.4583333333333335,0.43749999999999994,0.21052631578947345
0.20689655172413787,0.45270270270270274,0.2148997134670487,0.18556701030927833,0.31896551724137934,0.3888888888888889,0.46749999999999814,0.44791666666666696,0.3166666666666667,0.6578947368421051
0.5747126436781609,0.35135135135135137,0.3839541547277937,0.5257731958762886,0.36206896551724144,0.6227160493827162,0.7499999999999858,0.38541666666666696,0.425,0.2236842105263157
0.11494252873563218,0.43243243243243246,0.03724928366762178,0.4742268041237112,0.5172413793103449,0.548395061728395,0.5,0.5312500000000004,0.37904166666666683,0.27631578947368407
0.3369540229885058,0.43243243243243246,0.040114613180515755,0.25773195876288657,0.42241379310344834,0.3024691358024692,0.2499999999999858,0.4027083333333333,0.3333333333333333,0.8157894736842104
0.3908045977011494,0.47081081081081083,0.040114613180515755,0.268041237113402,0.5,0.5874074074074076,0.5,0.29166666666666696,0.3333333333333333,0.43421052631578916
0.3563218390804598,0.3831081081081084,0.07839541547277942,0.268041237113402,0.17241379310344832,0.3888888888888889,0.5,0.5,0.6000000000000001,0.46565789473684205
0.4137931034482759,0.5540540540540541,0.05444126074498567,0.16494845360824742,0.13793103448275865,0.28395061728395066,0.2499999999999858,0.4767708333333333,0.353125,0.7631578947368418
0.11494252873563218,0.36486486486486486,0.031518624641833796,0.27835051546391754,0.20689655172413796,0.3580246913580247,0.5,0.4344791666666668,0.25000000000000006,0.5263157894736841
0.20689655172413787,0.7162162162162162,0.656160458452722,0.45360824742268036,0.22413793103448276,0.5185185185185186,0.7499999999999858,0.20833333333333348,0.15833333333333338,0.23684210526315774
0.5574712643678161,0.2993243243243244,0.7215759312320916,0.4089690721649484,0.2931034482758621,0.4982716049382718,1.0,0.4166666666666665,0.3458333333333334,0.2894736842105261
0.3908045977011494,0.3108108108108108,0.38782234957020073,0.4948453608247422,0.3879310344827586,0.6790123456790125,0.7499999999999858,0.5,0.4124999999999999,0.18421052631578938
0.06321839080459771,0.4924324324324324,0.02292263610315185,0.4948453608247422,0.5517241379310346,0.5864197530864199,0.5,0.5312500000000004,0.37908333333333355,0.27631578947368407
0.37356321839080453,0.3783783783783784,0.025787965616045842,0.1997938144329894,0.2931034482758621,0.39506172839506176,0.0,0.25,0.22500000000000003,0.8601315789473679
0.43103448275862066,0.2702702702702703,0.22922636103151864,0.5773195876288658,0.5689655172413793,0.7901234567901236,0.5,0.4781250000000002,0.2791666666666666,0.3157894736842104
0.5057471264367815,0.1891891891891892,0.14040114613180513,0.556701030927835,0.28448275862068967,0.4197530864197531,0.5,0.3229166666666665,0.14583333333333337,0.21052631578947345
0.22988505747126434,0.4054054054054054,0.04584527220630371,0.23711340206185563,0.15517241379310345,0.33333333333333337,0.2499999999999858,0.510416666666667,0.22500000000000003,0.6578947368421051
0.26436781609195403,0.6891891891891891,0.31544412607449857,0.4020618556701031,0.6724137931034484,0.734567901234568,0.5,0.4583333333333335,0.3458333333333334,0.21052631578947345
0.1379310344827586,0.25675675675675674,0.1776504297994269,0.39175257731958757,0.6293103448275863,0.6172839506172841,0.5,0.5520833333333335,0.5708333333333333,0.38315789473684214
0.27827586206896565,0.4495945945945945,0.30085959885386815,0.5360824742268041,0.3879310344827586,0.5724691358024695,0.7499999999999858,0.48479166666666684,0.42737499999999995,0.5394736842105261
0.29885057471264365,0.45135135135135107,0.02292263610315185,0.4476288659793811,0.36206896551724144,0.6180864197530863,0.5,0.29166666666666696,0.30416666666666664,0.21052631578947345
0.7413793103448275,0.39189189189189183,0.4813753581661891,0.24742268041237112,0.5082758620689657,0.8765432098765433,0.7499999999999858,0.38541666666666696,0.43749999999999994,0.26315789473684204
0.43103448275862066,0.48648648648648646,0.3374498567335243,0.2754639175257728,0.48275862068965514,0.48148148148148145,0.5,0.35312500000000013,0.15833333333333338,0.6473684210526314
0.1551724137931034,0.4189189189189189,0.2487106017191978,0.4464948453608247,0.3275862068965517,0.6666666666666667,0.5,0.44031250000000016,0.31733333333333336,0.644736842105263
0.4137931034482759,0.1891891891891892,0.1833810888252149,0.45360824742268036,0.28448275862068967,0.48148148148148145,0.5,0.4104166666666665,0.3333333333333333,0.23684210526315774
0.1551724137931034,0.485945945945946,0.5816618911174785,0.28865979381443296,0.5344827586206897,0.5454320987654319,0.5,0.25,0.5333333333333332,0.4736842105263155
0.1551724137931034,0.44594594594594594,0.02292263610315185,0.20618556701030924,0.22413793103448276,0.3148148148148148,0.2499999999999858,0.3333333333333335,0.28537500000000005,0.6351315789473687
0.20689655172413787,0.36486486486486486,0.03724928366762178,0.5154639175257731,0.4913793103448276,0.3580246913580247,0.5,0.5312500000000004,0.2791666666666666,0.32894736842105265
0.3390804597701149,0.6486486486486486,0.1750716332378223,0.42268041237113396,0.3879310344827586,0.6913580246913581,0.5,0.4166666666666665,0.5458333333333332,0.4473684210526314
0.26436781609195403,0.3783783783783784,0.47277936962750716,0.5051546391752577,0.4913793103448276,0.6696604938271602,0.7499999999999858,0.6458333333333335,0.26666666666666666,0.26315789473684204
0.17241379310344826,0.4189189189189189,0.30085959885386815,0.4742268041237112,0.3448275862068966,0.8271604938271606,0.639999999999992,0.5416666666666665,0.4676250000000002,0.4210526315789471
0.3033333333333335,0.4824324324324323,0.10888252148997132,0.1752577319587629,0.456896551724138,0.6234567901234569,0.2499999999999858,0.2604166666666665,0.13333333333333336,0.7655263157894736
0.32183908045977017,0.6891891891891891,0.3237822349570201,0.5051546391752577,0.5344827586206897,0.7248765432098763,0.5,0.4166666666666665,0.38333333333333325,0.23684210526315774
0.29885057471264365,0.24324324324324323,0.2562177650429798,0.41237113402061853,0.4913793103448276,0.7222222222222223,0.5,0.46875,0.3166666666666667,0.17105263157894712
0.22988505747126434,0.33783783783783783,0.03724928366762178,0.268041237113402,0.2931034482758621,0.4826543209876543,0.5,0.5416666666666665,0.4124999999999999,0.39473684210526305
0.17172413793103444,0.4054054054054054,0.04584527220630371,0.3711340206185566,0.48275862068965514,0.5646913580246914,0.49249999999999955,0.45270833333333355,0.2916666666666667,0.48684210526315774
0.2816091954022988,0.4594594594594595,0.25501432664756446,0.24742268041237112,0.27586206896551724,0.3641975308641976,0.5,0.46875,0.2375,0.21052631578947345
0.2758620689655171,0.42608108108108117,0.01719197707736389,0.7731958762886597,0.17241379310344832,0.5185185185185186,0.5,0.44791666666666696,0.25000000000000006,0.23684210526315774
0.1920114942528736,0.48648648648648646,0.04584527220630371,0.3298969072164948,0.4137931034482759,0.3271604938271605,0.2499999999999858,0.5,0.3582500000000002,0.6415789473684208
0.3563218390804598,0.5012162162162164,0.02292263610315185,0.4511340206185564,0.48275862068965514,0.5679012345679013,0.5,0.3333333333333335,0.25000000000000006,0.1578947368421051
0.18965517241379307,0.3783783783783784,0.08595988538681948,0.23711340206185563,0.4137931034482759,0.34567901234567905,0.2499999999999858,0.25,0.26666666666666666,0.6692105263157897
0.37356321839080453,0.35135135135135137,0.1833810888252149,0.27835051546391754,0.3879310344827586,0.5679012345679013,0.5,0.4583333333333335,0.2375,0.4210526315789471
0.332298850574713,0.5135135135135135,0.5484527220630373,0.38999999999999985,0.603448275862069,0.6609259259259265,0.7499999999999858,0.3333333333333335,0.2791666666666666,0.17105263157894712
0.3908045977011494,0.40013513513513543,0.1805157593123209,0.23711340206185563,0.24137931034482762,0.34567901234567905,0.2499999999999858,0.6458333333333335,0.25000000000000006,0.6578947368421051
0.5057471264367815,0.4594594594594595,0.34383954154727797,0.45360824742268036,0.48275862068965514,0.6481481481481484,0.7499999999999858,0.3645833333333335,0.38333333333333325,0.21052631578947345
0.4482758620689655,0.35135135135135137,0.27507163323782235,0.24742268041237112,0.3879310344827586,0.45061728395061734,0.5,0.614583333333333,0.22500000000000003,0.605263157894737
0.5402298850574713,0.5675675675675675,0.2464183381088825,0.6185567010309277,0.4482758620689656,0.6790123456790125,0.5,0.375,0.4124999999999999,0.23684210526315774
0.5402298850574713,0.43243243243243246,0.23782234957020051,0.24742268041237112,0.5517241379310346,0.5925308641975311,0.5,0.4326041666666669,0.46666666666666673,0.6603947368421054
0.5689655172413793,0.25675675675675674,0.03724928366762178,0.4476288659793813,0.28448275862068967,0.32098765432098764,0.5,0.46270833333333344,0.2375,0.3421052631578947
0.20689655172413787,0.3783783783783784,0.0630372492836676,0.31958762886597936,0.25000000000000006,0.46913580246913583,0.5,0.4270833333333335,0.3333333333333333,0.43421052631578916
0.22988505747126434,0.5405405405405406,0.4154727793696275,0.268041237113402,0.25000000000000006,0.32098765432098764,0.5,0.28125,0.25000000000000006,0.43421052631578916
0.7816091954022988,0.3243243243243243,0.0,0.18556701030927833,0.31034482758620696,0.30864197530864196,0.5,0.40625,0.1166666666666667,0.18421052631578938
0.24712643678160914,0.35135135135135137,0.33810888252148996,0.48453608247422675,0.5103448275862066,0.7037037037037038,0.5,0.375,0.35833333333333334,0.26315789473684204
0.37356321839080453,0.4741891891891893,0.2464183381088825,0.45360824742268036,0.12068965517241381,0.6296296296296298,0.5,0.3761458333333334,0.21249999999999997,0.1315789473684208
0.43103448275862066,0.4204054054054058,0.20057306590257876,0.31958762886597936,0.4913793103448276,0.5796913580246913,0.5,0.5416666666666665,0.3166666666666667,0.7631578947368418
0.20850574712643677,0.43243243243243246,0.34383954154727797,0.35051546391752575,0.3448275862068966,0.3888888888888889,0.5,0.38406250000000014,0.3166666666666667,0.5526315789473684
0.24149425287356327,0.5,0.3237822349570201,0.4329896907216494,0.6637931034482759,0.5740740740740742,0.5,0.125,0.3458333333333334,0.2236842105263157
0.3908045977011494,0.4,0.4154727793696275,0.2268041237113402,0.22413793103448276,0.3271604938271605,0.5,0.34375,0.26666666666666666,0.7105263157894737
0.20689655172413787,0.42013513513513523,0.06876790830945559,0.4742268041237112,0.28448275862068967,0.4673456790123459,0.5,0.25,0.26666666666666666,0.3421052631578947
0.3908045977011494,0.3243243243243243,0.2464183381088825,0.41237113402061853,0.3275862068965517,0.6115432098765434,0.5,0.46875,0.5166666666666666,0.23684210526315774
0.4760919540229882,0.3243243243243243,0.02292263610315185,0.556701030927835,0.20681034482758634,0.7962962962962965,0.5,0.40250000000000014,0.32237499999999997,0.21052631578947345
0.21971264367816087,0.5059459459459458,0.20183381088825209,0.39175257731958757,0.1810344827586207,0.34567901234567905,0.5,0.3576041666666668,0.13333333333333336,0.4736842105263155
0.22988505747126434,0.5405405405405406,0.30659025787965616,0.31958762886597936,0.5517241379310346,0.580246913580247,0.5,0.3645833333333335,0.04999999999999999,0.5921052631578945
0.17241379310344826,0.5370270270270272,0.24355300859598852,0.14432989690721645,0.08620689655172416,0.1234567901234568,0.5,0.0625,0.38333333333333325,0.4999999999999998
0.26436781609195403,0.3243243243243243,0.30085959885386815,0.3608247422680412,0.2155172413793104,0.4197530864197531,0.5,0.614583333333333,0.46666666666666673,0.43421052631578916
0.37356321839080453,0.4054054054054054,0.002865329512893984,0.3711340206185566,0.15517241379310345,0.40740740740740744,0.5,0.20833333333333348,0.21249999999999997,0.368421052631579
0.045977011494252845,0.5135135135135135,0.04584527220630371,0.39175257731958757,0.13793103448275865,0.425925925925926,0.5,0.5520833333333335,0.370125,0.39907894736842076
0.46293103448275813,0.24324324324324323,0.3151862464183381,0.708556701030927,0.2931034482758621,0.8209876543209877,0.7499999999999858,0.78125,0.6499999999999999,0.21052631578947345
0.18965517241379307,0.5405405405405406,0.040114613180515755,0.20618556701030924,0.5258620689655173,0.56320987654321,0.5,0.6458333333333335,0.3458333333333334,0.4706578947368421
0.22988505747126434,0.5675675675675675,0.30085959885386815,0.3840206185567007,0.6206896551724138,0.6619753086419755,0.5,0.3835416666666667,0.3333333333333333,0.2236842105263157
0.5229885057471264,0.3243243243243243,0.008595988538681945,0.48041237113402013,0.06896551724137932,0.4444444444444445,0.5,0.25,0.10416666666666669,0.368421052631579
0.22988505747126434,0.4594594594594595,0.02292263610315185,0.14432989690721645,0.24137931034482762,0.41358024691358025,0.2499999999999858,0.5833333333333335,0.1833333333333333,0.8157894736842104
0.29885057471264365,0.4054054054054054,0.5587392550143266,0.4020618556701031,0.767241379310345,0.6172839506172841,0.7499999999999858,0.37031250000000016,0.35833333333333334,0.27631578947368407
0.26436781609195403,0.43243243243243246,0.18679083094555868,0.3298969072164948,0.46551724137931033,0.48148148148148145,0.5,0.44739583333333355,0.39999999999999997,0.45664473684210527
0.22988505747126434,0.43243243243243246,0.02292263610315185,0.41237113402061853,0.6551724137931035,0.4197530864197531,0.5,0.4841666666666668,0.425,0.5263157894736841
0.3464367816091955,0.36486486486486486,0.03438395415472779,0.15463917525773194,0.14655172413793105,0.24691358024691357,0.2499999999999858,0.5937500000000004,0.22500000000000003,0.6842105263157896
0.32183908045977017,0.39189189189189183,0.08595988538681948,0.28865979381443296,0.27586206896551724,0.39506172839506176,0.2499999999999858,0.5520833333333335,0.2375,0.631578947368421
0.26436781609195403,0.28378378378378377,0.3280229226361033,0.30927835051546393,0.2931034482758621,0.6111111111111113,0.7499999999999858,0.7083333333333335,0.5458333333333332,0.27631578947368407
0.24712643678160914,0.44594594594594594,0.3221776504297996,0.39175257731958757,0.3275862068965517,0.5555555555555557,0.6499999999999915,0.5833333333333335,0.22500000000000003,0.26315789473684204
0.09770114942528732,0.6621621621621622,0.01719197707736389,0.4948453608247422,0.1810344827586207,0.5740740740740742,0.5,0.46875,0.3166666666666667,0.3250657894736842
0.32183908045977017,0.36486486486486486,0.1776504297994269,0.1958762886597938,0.6206896551724138,0.5308641975308643,0.2499999999999858,0.40625,0.20383333333333337,0.7894736842105263
0.22988505747126434,0.4189189189189189,0.45272206303724927,0.28865979381443296,0.6551724137931035,0.7222222222222223,0.7499999999999858,0.375,0.425,0.26315789473684204
0.29885057471264365,0.4054054054054054,0.26696275071633246,0.18556701030927833,0.39991379310344827,0.4938271604938272,0.5,0.4332291666666665,0.35833333333333334,0.6973684210526316
0.2816091954022988,0.44594594594594594,0.4798280802292262,0.42268041237113396,0.4482758620689656,0.6077777777777783,0.747499999999986,0.31250000000000044,0.2791666666666666,0.18421052631578938
0.3908045977011494,0.6756756756756757,0.45272206303724927,0.4020618556701031,0.6293103448275863,0.8024691358024694,0.7424999999999868,0.3333333333333335,0.49166666666666664,0.23684210526315774
0.8505747126436781,0.39189189189189183,0.0630372492836676,0.31958762886597936,0.14655172413793105,0.271604938271605,0.5,0.5520833333333335,0.6791666666666667,0.381578947368421
0.26436781609195403,0.2972972972972973,0.1146131805157593,0.33752577319587573,0.4482758620689656,0.6172839506172841,0.5,0.5368750000000004,0.4295416666666667,0.43421052631578916
0.2891954022988509,0.6486486486486486,0.5415472779369627,0.45360824742268036,0.6293103448275863,0.7069444444444444,0.7499999999999858,0.4166666666666665,0.38333333333333325,0.2236842105263157
0.09770114942528732,0.5,0.031518624641833796,0.27835051546391754,0.28448275862068967,0.40740740740740744,0.5,0.42687500000000006,0.35833333333333334,0.3157894736842104
0.2816091954022988,0.43243243243243246,0.02292263610315185,0.41237113402061853,0.24137931034482762,0.271604938271605,0.2499999999999858,0.21875,0.30416666666666664,0.6973684210526316
0.32183908045977017,0.4594594594594595,0.25312320916905434,0.3298969072164948,0.3448275862068966,0.6172839506172841,0.5,0.375,0.22500000000000003,0.32894736842105265
0.18965517241379307,0.48648648648648646,0.7936962750716331,0.4829896907216491,0.3448275862068966,0.506172839506173,1.0,0.5,0.3333333333333333,0.1315789473684208
0.42270114942528747,0.3783783783783784,0.09169054441260743,0.35051546391752575,0.17241379310344832,0.23456790123456794,0.2499999999999858,0.401770833333333,0.3934583333333334,0.9078947368421051
0.43103448275862066,0.35135135135135137,0.43553008595988535,0.3298969072164948,0.560344827586207,0.5642592592592591,0.5074999999999996,0.3333333333333335,0.15833333333333338,0.631578947368421
0.4770114942528735,0.10810810810810811,0.23936962750716329,0.3298969072164948,0.35732758620689664,0.54320987654321,0.5,0.677083333333333,0.21249999999999997,0.32894736842105265
0.5251724137931039,0.013513513513513514,0.24355300859598852,0.41237113402061853,0.14939655172413796,0.24691358024691357,0.48999999999999944,0.5231250000000002,0.25000000000000006,0.4059210526315787
0.17241379310344826,0.5540540540540541,0.3810888252148997,0.3608247422680412,0.5517241379310346,0.6419753086419755,0.5,0.38541666666666696,0.46666666666666673,0.3157894736842104
0.3639080459770115,0.6621621621621622,0.7335243553008595,0.41237113402061853,0.5517241379310346,0.8950617283950619,0.9424999999999968,0.29166666666666696,0.4241249999999999,0.21052631578947345
0.18965517241379307,0.3783783783783784,0.031518624641833796,0.4517525773195873,0.5,0.54320987654321,0.5,0.46875,0.25000000000000006,0.368421052631579
0.26436781609195403,0.35135135135135137,0.5358166189111747,0.42268041237113396,0.5775862068965517,0.45061728395061734,0.7499999999999858,0.3333333333333335,0.2916666666666667,0.23684210526315774
0.3563218390804598,0.45094594594594595,0.5186246418338109,0.3711340206185566,0.4137931034482759,0.48148148148148145,0.7499999999999858,0.29166666666666696,0.39999999999999997,0.1578947368421051
0.2606321839080459,0.4256756756756756,0.4269340974212035,0.4329896907216494,0.31034482758620696,0.5308641975308643,0.7499999999999858,0.3229166666666665,0.22500000000000003,0.23684210526315774
0.2816091954022988,0.4520270270270271,0.02292263610315185,0.4742268041237112,0.3511206896551724,0.5740740740740742,0.5,0.4583333333333335,0.5166666666666666,0.4210526315789471
0.37356321839080453,0.4054054054054054,0.42120343839541546,0.39175257731958757,0.5344827586206897,0.8271604938271606,0.6824999999999897,0.947916666666667,0.425,0.3030263157894736
0.3563218390804598,0.36756756756756764,0.33810888252148996,0.44927835051546355,0.5517241379310346,0.7777777777777779,0.5,0.625,0.3458333333333334,0.34131578947368413
0.5229885057471264,0.3243243243243243,0.23793696275071624,0.27835051546391754,0.4913793103448276,0.5246913580246915,0.5,0.46875,0.26666666666666666,0.5526315789473684
0.1379310344827586,0.5270270270270271,0.6618911174785099,0.4020618556701031,0.4913793103448276,0.6049382716049384,1.0,0.543645833333333,0.7166666666666666,0.18421052631578938
0.3390804597701149,0.4054054054054054,0.3810888252148997,0.4489690721649482,0.5158620689655175,0.7122222222222223,0.5,0.4317708333333334,0.43749999999999994,0.33578947368421047
0.32183908045977017,0.3243243243243243,0.7432378223495699,0.4020618556701031,0.3564655172413793,0.41358024691358025,1.0,0.34375,0.2916666666666667,0.1578947368421051
0.1379310344827586,0.44594594594594594,0.32951289398280803,0.4432989690721648,0.15517241379310345,0.4938271604938272,0.7499999999999858,0.510416666666667,0.2791666666666666,0.25131578947368416
0.20689655172413787,0.33783783783783783,0.7518911174785097,0.4329896907216494,0.48275862068965514,0.5246913580246915,0.9349999999999963,0.5416666666666665,0.1833333333333333,0.1315789473684208
0.09770114942528732,0.36486486486486486,0.6424928366762173,0.4329896907216494,0.25862068965517243,0.5123456790123458,0.7499999999999858,0.16666666666666696,0.26666666666666666,0.11842105263157876
0.1379310344827586,0.5135135135135135,0.08842406876790833,0.42577319587628837,0.48275862068965514,0.6790123456790125,0.5,0.5416666666666665,0.4124999999999999,0.3157894736842104
0.2816091954022988,0.4594594594594595,0.25501432664756446,0.4329896907216494,0.3879310344827586,0.6296296296296298,0.5,0.4270833333333335,0.31529166666666664,0.3228947368421049
0.17241379310344826,0.5270270270270271,0.008595988538681945,0.3298969072164948,0.39655172413793105,0.5925925925925927,0.2499999999999858,0.3333333333333335,0.26666666666666666,0.6842105263157896
0.3703448275862069,0.3243243243243243,0.489971346704871,0.4432989690721648,0.6206896551724138,0.6604938271604939,0.5,0.3333333333333335,0.43749999999999994,0.3157894736842104
0.20689655172413787,0.3243243243243243,0.18624641833810887,0.41670103092783495,0.31896551724137934,0.49401234567901253,0.5,0.29166666666666696,0.30416666666666664,0.1052631578947365
0.18965517241379307,0.4594594594594595,0.32951289398280803,0.5154639175257731,0.18965517241379312,0.3703703703703704,0.5,0.25,0.2666666666666668,0.23684210526315774
0.08045977011494251,0.4594594594594595,0.5588538681948425,0.4329896907216494,0.25862068965517243,0.35185185185185186,0.7499999999999858,0.4583333333333335,0.3458333333333334,0.3421052631578947
0.48275862068965514,0.36756756756756753,0.1776504297994269,0.29907216494845307,0.00862068965517242,0.48148148148148145,0.5,0.16666666666666696,0.6499999999999999,0.7105263157894737
0.08045977011494251,0.3783783783783784,0.5658739255014327,0.4432989690721648,0.31034482758620696,0.5679012345679013,0.7499999999999858,0.21875,0.21249999999999997,0.17105263157894712
0.3390804597701149,0.5945945945945946,0.1289398280802292,0.41463917525773153,0.8362068965517242,0.6521604938271615,0.5,0.28125,0.2375,0.18421052631578938
0.22988505747126434,0.33783783783783783,0.32664756446991405,0.3402061855670102,0.15517241379310345,0.4012345679012346,0.5,0.48979166666666657,0.5041666666666667,0.39473684210526305
0.18741379310344825,0.5675675675675675,0.01719197707736389,0.3711340206185566,0.29258620689655174,0.4753086419753087,0.5,0.3333333333333335,0.3282499999999998,0.4999999999999998
0.29885057471264365,0.3783783783783784,0.10570200573065894,0.1237113402061856,0.31034482758620696,0.4003086419753089,0.2499999999999858,0.2604166666666665,0.15833333333333338,0.7631578947368418
0.38505747126436785,0.5135135135135135,0.04810888252149005,0.23711340206185563,0.08620689655172416,0.24074074074074076,0.2499999999999858,0.375,0.4791666666666666,0.48684210526315774
0.20689655172413787,0.2972972972972973,0.7249283667621776,0.3608247422680412,0.42241379310344834,0.40740740740740744,0.7499999999999858,0.4791666666666665,0.3333333333333333,0.17105263157894712
0.3908045977011494,0.48648648648648646,0.6446991404011461,0.3298969072164948,0.5172413793103449,0.7407407407407409,0.7499999999999858,0.3333333333333335,0.10416666666666669,0.3421052631578947
0.43103448275862066,0.4054054054054054,0.39255014326647564,0.5154639175257731,0.36206896551724144,0.6008024691358025,0.5,0.39583333333333304,0.2791666666666666,0.3217105263157894
0.3908045977011494,0.3243243243243241,0.1146131805157593,0.4359793814432986,0.25000000000000006,0.5631481481481483,0.5,0.3333333333333335,0.2916666666666667,0.21052631578947345
0.18965517241379307,0.3783783783783784,0.025787965616045842,0.39175257731958757,0.27586206896551724,0.22839506172839508,0.5,0.3949999999999999,0.3333333333333333,0.5394736842105261
0.17241379310344826,0.4054054054054054,0.1776504297994269,0.3298969072164948,0.4310344827586208,0.5679012345679013,0.5,0.40625,0.15833333333333338,0.381578947368421
0.20689655172413787,0.6621621621621622,0.23782234957020051,0.18556701030927833,0.3275862068965517,0.48148148148148145,0.5,0.6354166666666665,0.17083333333333328,0.5789473684210524
0.2816091954022988,0.3783783783783784,0.39255014326647564,0.1752577319587629,0.12068965517241381,0.4567901234567902,0.5,0.4166666666666665,0.14583333333333337,0.7105263157894737
0.4137931034482759,0.43243243243243246,0.47277936962750716,0.268041237113402,0.25862068965517243,0.4444444444444445,0.5099999999999995,0.39583333333333304,0.14583333333333337,0.43421052631578916
0.17241379310344826,0.4189189189189189,0.008595988538681945,0.20618556701030924,0.22413793103448276,0.25925925925925924,0.2499999999999858,0.4791666666666665,0.38333333333333325,0.5789473684210524
0.17241379310344826,0.4054054054054054,0.031518624641833796,0.20618556701030924,0.2155172413793104,0.19135802469135804,0.2499999999999858,0.3942708333333335,0.2716666666666667,0.5263157894736841
0.3563218390804598,0.48648648648648646,0.42120343839541546,0.4777319587628861,0.353448275862069,0.654320987654321,0.7499999999999858,0.46875,0.3708333333333333,0.2236842105263157
0.2816091954022988,0.4189189189189189,0.03724928366762178,0.2268041237113402,0.3879310344827586,0.40740740740740744,0.2499999999999858,0.22916666666666696,0.26666666666666666,0.6684210526315794
0.32183908045977017,0.4594594594594595,0.17478510028653294,0.3772164948453605,0.22413793103448276,0.4938271604938272,0.5,0.4058333333333334,0.30416666666666664,0.38263157894736843
0.27867816091954034,0.5135135135135135,0.5472779369627506,0.24742268041237112,0.06896551724137932,0.25925925925925924,0.5,0.34375,0.42408333333333337,0.5408552631578948
0.1551724137931034,0.5135135135135135,0.09194842406876788,0.07216494845360824,0.22413793103448276,0.29629629629629634,0.2499999999999858,0.3020833333333335,0.17083333333333328,0.7894736842105263
0.1379310344827586,0.35135135135135137,0.07289398280802296,0.3298969072164948,0.4310344827586208,0.5370370370370371,0.5,0.572916666666667,0.3642083333333334,0.26315789473684204
0.3563218390804598,0.6621621621621622,0.39255014326647564,0.39175257731958757,0.5172413793103449,0.7283950617283952,0.7499999999999858,0.38541666666666696,0.3333333333333333,0.3421052631578947
0.2030459770114943,0.6351351351351351,0.10028653295128936,0.4742268041237112,0.46689655172413813,0.6630864197530868,0.5,0.5312500000000004,0.7041666666666666,0.3421052631578947
0.48275862068965514,0.3108108108108108,0.3982808022922636,0.5154639175257731,0.5948275862068966,0.6419753086419755,0.5,0.46875,0.25000000000000006,0.3421052631578947
0.43103448275862066,0.6621621621621622,0.32951289398280803,0.39175257731958757,0.603448275862069,0.6736419753086416,0.5,0.3333333333333335,0.38333333333333325,0.4736842105263155
0.689655172413793,0.48648648648648646,0.12320916905444126,0.1958762886597938,0.3275862068965517,0.5123456790123458,0.2499999999999858,0.3953125000000001,0.2,0.7948684210526311
0.48275862068965514,0.3108108108108108,0.19656160458452718,0.5154639175257731,0.3876724137931036,0.5981481481481483,0.5,0.46875,0.25000000000000006,0.3421052631578947
0.1379310344827586,0.5540540540540541,0.6131805157593122,0.40628865979381396,0.5172413793103449,0.4876543209876543,0.7499999999999858,0.3752083333333334,0.37508333333333327,0.39473684210526305
0.1379310344827586,0.4571621621621619,0.07163323782234957,0.42268041237113396,0.4137931034482759,0.46296296296296297,0.5,0.3925000000000001,0.30416666666666664,0.39473684210526305
0.2957471264367816,0.4189189189189189,0.7134670487106016,0.4432989690721648,0.20689655172413796,0.5555555555555557,0.8349999999999906,0.31250000000000044,0.4124999999999999,0.18421052631578938
0.43103448275862066,0.39391891891891895,0.5186246418338109,0.42268041237113396,0.3275862068965517,0.5679012345679013,0.7499999999999858,0.4583333333333335,0.3458333333333334,0.39473684210526305
0.17241379310344826,0.46297297297297296,0.08309455587392547,0.3608247422680412,0.31896551724137934,0.4125308641975311,0.5,0.41083333333333305,0.35437500000000016,0.48684210526315774
0.20689655172413787,0.5135135135135135,0.6418338108882521,0.48453608247422675,0.3448275862068966,0.4753086419753087,1.0,0.4583333333333335,0.3497083333333335,0.2894736842105261
0.24712643678160914,0.35135135135135137,0.040114613180515755,0.2860824742268038,0.6724137931034484,0.506172839506173,0.2499999999999858,0.5140625000000003,0.320375,0.6842105263157896
0.43103448275862066,0.6216216216216216,0.1776504297994269,0.18556701030927833,0.2155172413793104,0.34567901234567905,0.2499999999999858,0.44281250000000005,0.5166666666666666,0.7499999999999998
0.09770114942528732,0.33783783783783783,0.02292263610315185,0.24742268041237112,0.2931034482758621,0.46296296296296297,0.5,0.5,0.425,0.5921052631578945
0.24712643678160914,0.39189189189189183,0.5902578796561604,0.25773195876288657,0.5862068965517242,0.506172839506173,0.5,0.4166666666666665,0.2,0.4473684210526314
0.3390804597701149,0.21621621621621623,0.025787965616045842,0.28865979381443296,0.26301724137931026,0.4915432098765434,0.5,0.39583333333333304,0.3166666666666667,0.37815789473684186
0.06321839080459771,0.5540540540540541,0.002865329512893984,0.27835051546391754,0.22413793103448276,0.34567901234567905,0.5,0.4895833333333335,0.26666666666666666,0.4999999999999998
0.40339080459770105,0.0945945945945946,0.28366762177650434,0.3711340206185566,0.3547413793103448,0.5617283950617284,0.5,0.572916666666667,0.45,0.2894736842105261
0.3908045977011494,0.44594594594594594,0.07736389684813752,0.45360824742268036,0.4310344827586208,0.597469135802469,0.5,0.39583333333333304,0.3456249999999999,0.3421052631578947
0.2816091954022988,0.3783783783783784,0.040114613180515755,0.35051546391752575,0.25000000000000006,0.3580246913580247,0.2499999999999858,0.38541666666666696,0.2791666666666666,0.7894736842105263
0.6149425287356322,0.3243243243243243,0.47564469914040114,0.20618556701030924,0.4482758620689656,0.5369135802469137,0.5049999999999997,0.375,0.26666666666666666,0.5789473684210524
0.08045977011494251,0.39189189189189183,0.19197707736389683,0.5257731958762886,0.2931034482758621,0.3888888888888889,0.5,0.4618749999999999,0.2791666666666666,0.381578947368421
0.26436781609195403,0.43243243243243246,0.002865329512893984,0.24742268041237112,0.4310344827586208,0.425925925925926,0.2499999999999858,0.5416666666666665,0.36270833333333335,0.48684210526315774
0.08045977011494251,0.44594594594594594,0.1776504297994269,0.5360824742268041,0.3275862068965517,0.4444444444444445,0.5,0.65625,0.21249999999999997,0.17105263157894712
0.32183908045977017,0.5344594594594593,0.3151862464183381,0.3711340206185566,0.5258620689655173,0.7592592592592594,0.5,0.29166666666666696,0.425,0.5263157894736841
0.5747126436781609,0.4594594594594595,0.07163323782234957,0.10309278350515463,0.36206896551724144,0.3580246913580247,0.2499999999999858,0.3378124999999999,0.2,0.7539473684210527
0.37356321839080453,0.39189189189189183,0.025787965616045842,0.27835051546391754,0.353448275862069,0.48148148148148145,0.2499999999999858,0.375,0.17083333333333328,0.7714473684210525
0.29885057471264365,0.43243243243243246,0.27507163323782235,0.4020618556701031,0.5172413793103449,0.7530864197530865,0.5,0.46875,0.21249999999999997,0.5921052631578945
0.18965517241379307,0.43243243243243246,0.0630372492836676,0.27835051546391754,0.2931034482758621,0.5370370370370371,0.5,0.44791666666666696,0.45,0.3421052631578947
0.02298850574712641,0.5135135135135135,0.002865329512893984,0.24742268041237112,0.3879310344827586,0.30864197530864196,0.3799999999999932,0.07291666666666696,0.425,0.49197368421052656
0.2686781609195405,0.4024324324324324,0.17478510028653294,0.3298969072164948,0.3879310344827586,0.6111111111111113,0.5,0.4583333333333335,0.2916666666666667,0.41986842105263145
0.1379310344827586,0.4054054054054054,0.5501432664756446,0.5773195876288658,0.18965517241379312,0.6604938271604939,0.7499999999999858,0.25,0.38333333333333325,0.17105263157894712
0.48275862068965514,0.5,0.18624641833810887,0.3298969072164948,0.4310344827586208,0.5833950617283951,0.5,0.34375,0.35833333333333334,0.3157894736842104
0.32183908045977017,0.4729729729729729,0.664756446991404,0.5051546391752577,0.3275862068965517,0.43827160493827166,1.0,0.5,0.38145833333333334,0.27631578947368407
0.20689655172413787,0.43243243243243246,0.07163323782234957,0.3711340206185566,0.31034482758620696,0.3703703703703704,0.5,0.3333333333333335,0.49166666666666664,0.5789473684210524
0.2509770114942529,0.5675675675675675,0.19770773638968478,0.268041237113402,0.05172413793103449,0.271604938271605,0.5,0.40625,0.38333333333333325,0.5159210526315787
0.32344827586206903,0.49472972972972984,0.521289398280802,0.48546391752577306,0.28448275862068967,0.7037037037037038,0.7499999999999858,0.25,0.15833333333333338,0.21052631578947345
0.2816091954022988,0.5405405405405406,0.014326647564469906,0.3402061855670102,0.07758620689655173,0.20370370370370372,0.4249999999999957,0.15625,0.31970833333333337,0.4473684210526314
0.20689655172413787,0.4729729729729729,0.2148997134670487,0.48453608247422675,0.39655172413793105,0.7098765432098767,0.5,0.3333333333333335,0.35833333333333334,0.39473684210526305
0.3908045977011494,0.5675675675675675,0.04157593123209171,0.39175257731958757,0.13793103448275865,0.7222222222222223,0.5,0.3333333333333335,0.3333333333333333,0.37092105263157893
0.24712643678160914,0.5540540540540541,0.7526647564469917,0.39175257731958757,0.42241379310344834,0.5555555555555557,1.0,0.5520833333333335,0.21249999999999997,0.11842105263157876
0.08045977011494251,0.6621621621621622,0.06710601719197712,0.41237113402061853,0.2155172413793104,0.3580246913580247,0.5,0.4270833333333335,0.3333333333333333,0.21052631578947345
0.09770114942528732,0.5945945945945946,0.025787965616045842,0.35051546391752575,0.25862068965517243,0.40740740740740744,0.5,0.3645833333333335,0.6916666666666667,0.39473684210526305
0.26436781609195403,0.5121621621621619,0.04584527220630371,0.4742268041237112,0.043103448275862086,0.4567901234567902,0.5,0.4402083333333335,0.625,0.5921052631578945
0.41327586206896527,0.24324324324324323,0.25501432664756446,0.8144329896907215,0.5172413793103449,0.6964814814814818,0.5099999999999995,0.3935416666666666,0.3333333333333333,0.21052631578947345
0.3908045977011494,0.35135135135135137,0.17478510028653294,0.20618556701030924,0.27586206896551724,0.45061728395061734,0.5,0.625,0.6666666666666665,0.7894736842105263
0.26436781609195403,0.36486486486486486,0.1776504297994269,0.20618556701030924,0.224396551724138,0.33333333333333337,0.5,0.2604166666666665,0.13333333333333336,0.6973684210526316
0.11494252873563218,0.4594594594594595,0.25501432664756446,0.3402061855670102,0.15517241379310345,0.41358024691358025,0.5,0.42624999999999985,0.22500000000000003,0.48684210526315774
0.24678160919540243,0.43243243243243246,0.2010888252148996,0.2268041237113402,0.33258620689655183,0.4197530864197531,0.5,0.375,0.5583333333333333,0.5271052631578946
0.18965517241379307,0.4729729729729729,0.6275071633237821,0.41237113402061853,0.3793103448275862,0.5196604938271601,0.7499999999999858,0.3020833333333335,0.3166666666666667,0.1578947368421051
0.5057471264367815,0.24324324324324323,0.30085959885386815,0.9690721649484536,0.2931034482758621,0.7592592592592594,0.7499999999999858,0.6202083333333333,0.46649999999999986,0.21052631578947345
0.18965517241379307,0.4697297297297294,0.03724928366762178,0.4271134020618551,0.3272413793103447,0.45061728395061734,0.5,0.22916666666666696,0.3708333333333333,0.21052631578947345
0.20689655172413787,0.35135135135135137,0.3839541547277937,0.16494845360824742,0.39655172413793105,0.4567901234567902,0.5,0.31250000000000044,0.14583333333333337,0.7894736842105263
0.4012068965517239,0.2027027027027027,0.42120343839541546,0.27835051546391754,0.4137931034482759,0.6049382716049384,0.7499999999999858,0.510416666666667,0.38333333333333325,0.23684210526315774
0.20689655172413787,0.5675675675675675,0.0487106017191977,0.45360824742268036,0.08620689655172416,0.3148148148148148,0.5,0.5416666666666665,0.3458333333333334,0.6578947368421051
0.2362068965517244,0.5540540540540541,0.7793696275071632,0.39175257731958757,0.42241379310344834,0.5555555555555557,0.9899999999999994,0.5520833333333335,0.21249999999999997,0.11842105263157876
0.09770114942528732,0.4054054054054054,0.2693409742120344,0.35051546391752575,0.46551724137931033,0.5864197530864199,0.5,0.4075000000000002,0.30416666666666664,0.40776315789473633
0.22988505747126434,0.4729729729729729,0.2488825214899714,0.1958762886597938,0.4913793103448276,0.4320987654320988,0.5,0.07291666666666696,0.4124999999999999,0.5293421052631577
0.2816091954022988,0.4594594594594595,0.02292263610315185,0.39175257731958757,0.043103448275862086,0.07407407407407408,0.5,0.5312500000000004,0.30520833333333347,0.4901315789473684
0.32183908045977017,0.4189189189189189,0.2922636103151862,0.31958762886597936,0.5172413793103449,0.6666666666666669,0.5,0.5312500000000004,0.45,0.4473684210526314
0.4655172413793103,0.3243243243243243,0.04584527220630371,0.14432989690721645,0.3448275862068966,0.37654320987654327,0.2499999999999858,0.572916666666667,0.4791666666666666,0.8421052631578945
0.20689655172413787,0.5135135135135135,0.5489111747851002,0.5360824742268041,0.2931034482758621,0.3641975308641976,0.7499999999999858,0.375,0.3166666666666667,0.3421052631578947
0.045977011494252845,0.36486486486486486,0.1997994269340973,0.41556701030927834,0.36206896551724144,0.6666666666666667,0.5,0.46875,0.21249999999999997,0.5394736842105261
0.20689655172413787,0.6081081081081081,0.9999999999999999,0.6303092783505156,0.3445689655172414,0.4567901234567902,0.9699999999999983,0.34375,0.30062499999999986,0.15052631578947367
0.24712643678160914,0.4054054054054054,0.4297994269340974,0.6042268041237108,0.48275862068965514,0.6913580246913581,0.7499999999999858,0.125,0.30416666666666664,0.1578947368421051
0.24712643678160914,0.43243243243243246,0.2521489971346705,0.1958762886597938,0.36206896551724144,0.4876543209876543,0.5,0.4114583333333335,0.2375,0.4210526315789471
0.3390804597701149,0.36486486486486486,0.040114613180515755,0.1237113402061856,0.12068965517241381,0.271604938271605,0.2499999999999858,0.4583333333333335,0.3708333333333333,0.8026315789473684
0.1551724137931034,0.43243243243243246,0.13180515759312317,0.3298969072164948,0.27586206896551724,0.271604938271605,0.5,0.16666666666666696,0.3450416666666667,0.43421052631578916
0.2924712643678163,0.4594594594594595,0.42120343839541546,0.5051546391752577,0.3793103448275862,0.6185802469135802,0.7024999999999885,0.5,0.49166666666666664,0.2857894736842103
0.48275862068965514,0.44594594594594594,0.01719197707736389,0.1752577319587629,0.12068965517241381,0.29012345679012347,0.2499999999999858,0.5937500000000004,0.2,0.644736842105263
0.35373563218390813,0.2972972972972973,0.20057306590257876,0.4020618556701031,0.25000000000000006,0.580246913580247,0.5,0.4583333333333335,0.3166666666666667,0.39473684210526305
0.32183908045977017,0.4594594594594595,0.36962750716332377,0.41237113402061853,0.3448275862068966,0.41358024691358025,0.5,0.4895833333333335,0.4124999999999999,0.5263157894736841
0.22988505747126434,0.48648648648648646,0.754183381088825,0.36402061855670054,0.39655172413793105,0.4938271604938272,0.9774999999999987,0.46875,0.26666666666666666,0.1315789473684208
0.3987356321839076,0.4594594594594595,0.4566475644699141,0.6391752577319587,0.3628448275862069,0.584567901234568,0.7499999999999858,0.3229166666666665,0.39999999999999997,0.22618421052631554
0.24712643678160914,0.48040540540540566,0.5081375358166189,0.3711340206185566,0.560344827586207,0.5864197530864199,0.7499999999999858,0.40625,0.2791666666666666,0.1315789473684208
0.37356321839080453,0.4054054054054054,0.002865329512893984,0.3685567010309272,0.15517241379310345,0.40740740740740744,0.5,0.20833333333333348,0.21249999999999997,0.368421052631579
0.17241379310344826,0.44594594594594594,0.040114613180515755,0.4329896907216494,0.2931034482758621,0.6913580246913581,0.5,0.3803125,0.26666666666666666,0.17105263157894712
0.2816091954022988,0.4189189189189189,0.0630372492836676,0.3608247422680412,0.31034482758620696,0.43432098765432103,0.5,0.572916666666667,0.390416666666667,0.4999999999999998
0.2779310344827588,0.5405405405405406,0.2521489971346705,0.30927835051546393,0.3793103448275862,0.6234567901234569,0.5,0.39583333333333304,0.14583333333333337,0.3852631578947367
0.2816091954022988,0.36486486486486486,0.7965616045845272,0.41237113402061853,0.5689655172413793,0.7632098765432103,1.0,0.4248958333333334,0.2791666666666666,0.23684210526315774
0.32183908045977017,0.4289189189189191,0.34383954154727797,0.15463917525773194,0.39655172413793105,0.4197530864197531,0.5,0.25,0.2,0.7499999999999998
0.18965517241379307,0.3783783783783784,0.08595988538681948,0.24742268041237112,0.24137931034482762,0.41358024691358025,0.5,0.5833333333333335,0.5458333333333332,0.47690789473684236
0.1551724137931034,0.39189189189189183,0.040372492836676266,0.39175257731958757,0.31034482758620696,0.33333333333333337,0.2499999999999858,0.4583333333333335,0.39999999999999997,0.5789473684210524
0.17241379310344826,0.36486486486486486,0.4040114613180516,0.27835051546391754,0.18965517241379312,0.3888888888888889,0.5,0.29166666666666696,0.1833333333333333,0.43421052631578916
0.2816091954022988,0.3243243243243243,0.2922636103151862,0.34360824742268004,0.2931034482758621,0.5185185185185186,0.5,0.5833333333333335,0.35762499999999997,0.4210526315789471
0.32183908045977017,0.5540540540540541,0.28366762177650434,0.39175257731958757,0.6551724137931035,0.714506172839506,0.5,0.38541666666666696,0.3333333333333333,0.23684210526315774
0.26436781609195403,0.5135135135135135,0.3237822349570201,0.3711340206185566,0.5948275862068966,0.8148148148148149,0.5,0.4166666666666665,0.30416666666666664,0.18421052631578938
0.22988505747126434,0.4054054054054054,0.28939828080229224,0.27835051546391754,0.42999999999999994,0.5509876543209876,0.5024999999999998,0.31250000000000044,0.14583333333333337,0.21052631578947345
0.5057471264367815,0.33783783783783783,0.3438681948424071,0.31958762886597936,0.2931034482758621,0.5956172839506173,0.7499999999999858,0.510416666666667,0.5041666666666667,0.21052631578947345
0.005747126436781574,0.6621621621621622,0.16905444126074495,0.41237113402061853,0.28448275862068967,0.506172839506173,0.5,0.41385416666666663,0.25000000000000006,0.4473684210526314
0.20689655172413787,0.6081081081081081,0.5344126074498563,0.28865979381443296,0.5862068965517242,0.5370370370370371,0.7399999999999863,0.29166666666666696,0.30416666666666664,0.21052631578947345
0.17241379310344826,0.5675675675675675,0.031518624641833796,0.3298969072164948,0.3793103448275862,0.46913580246913583,0.5,0.3645833333333335,0.3458333333333334,0.416315789473684
0.18965517241379307,0.4816216216216215,0.07736389684813752,0.41237113402061853,0.34793103448275864,0.5246913580246915,0.5,0.3802083333333334,0.3566666666666668,0.4059210526315787
0.1379310344827586,0.2972972972972973,0.031518624641833796,0.38195876288659747,0.4913793103448276,0.5582716049382718,0.5,0.4773958333333334,0.3333333333333333,0.381578947368421
0.4655172413793103,0.41716216216216223,0.1833810888252149,0.07216494845360824,0.42241379310344834,0.425925925925926,0.2499999999999858,0.3333333333333335,0.3458333333333334,0.8157894736842104
0.11494252873563218,0.43243243243243246,0.031518624641833796,0.4329896907216494,0.17241379310344832,0.3703703703703704,0.5,0.38541666666666696,0.46666666666666673,0.26315789473684204
0.3390804597701149,0.38743243243243247,0.040114613180515755,0.31958762886597936,0.4482758620689656,0.7469135802469137,0.5,0.5,0.4791666666666666,0.4210526315789471
0.2816091954022988,0.4971621621621622,0.36962750716332377,0.824742268041237,0.5517241379310346,0.6604938271604939,0.7499999999999858,0.125,0.35833333333333334,0.17105263157894712
0.17241379310344826,0.43243243243243246,0.19197707736389683,0.030927835051546393,0.3275862068965517,0.3703703703703704,0.5,0.25,0.21249999999999997,0.5263157894736841
0.35954022988505746,0.3243243243243243,0.4703438395415473,0.3711340206185566,0.3275862068965517,0.5617283950617284,0.7499999999999858,0.3333333333333335,0.38333333333333325,0.21052631578947345
0.3390804597701149,0.7027027027027027,0.3237822349570201,0.42268041237113396,0.6286206896551726,0.7469135802469137,0.5,0.40625,0.3708333333333333,0.26315789473684204
0.3231609195402301,0.2702702702702703,0.4383954154727793,0.39360824742268,0.2230172413793103,0.34567901234567905,0.7499999999999858,0.375,0.22500000000000003,0.23684210526315774
0.5229885057471264,0.28378378378378377,0.45272206303724927,0.9999999999999999,0.12068965517241381,0.33333333333333337,0.7224999999999874,0.29166666666666696,0.3166666666666667,0.2236842105263157
0.1551724137931034,0.36486486486486486,0.5988538681948424,0.5154639175257731,0.4913793103448276,0.578765432098766,0.7499999999999858,0.20833333333333348,0.2375,0.1315789473684208
0.29885057471264365,0.6081081081081081,0.34383954154727797,0.41505154639175224,0.5689655172413793,0.7654320987654323,0.5,0.4166666666666665,0.3333333333333333,0.26315789473684204
0.5747126436781609,0.39189189189189183,0.1518624641833811,0.1958762886597938,0.3275862068965517,0.3703703703703704,0.25749999999999107,0.25,0.1166666666666667,0.8421052631578945
0.1551724137931034,0.48648648648648646,0.0487106017191977,0.25773195876288657,0.31896551724137934,0.35185185185185186,0.5,0.39583333333333304,0.4124999999999999,0.48684210526315774
0.6149425287356322,0.35135135135135137,0.05444126074498567,0.48453608247422675,0.20689655172413796,0.697530864197531,0.5,0.791666666666667,0.45,0.3421052631578947
0.1379310344827586,0.4189189189189189,0.5214899713467048,0.4742268041237112,0.5,0.5308641975308643,0.7499999999999858,0.31250000000000044,0.39999999999999997,0.1578947368421051
0.293103448275862,0.42162162162162176,0.27793696275071633,0.268041237113402,0.5,0.5740740740740742,0.5,0.4365625000000001,0.2791666666666666,0.48684210526315774
0.1551724137931034,0.45567567567567585,0.031518624641833796,0.27835051546391754,0.39655172413793105,0.39506172839506176,0.2499999999999858,0.4166666666666665,0.6000000000000001,0.5997368421052631
0.3563218390804598,0.39189189189189183,0.7363896848137536,0.4073195876288655,0.24137931034482762,0.5123456790123458,0.8774999999999931,0.40625,0.2,0.17105263157894712
0.5229885057471264,0.4189189189189189,0.08595988538681948,0.48453608247422675,0.35586206896551736,0.7901234567901236,0.5,0.677083333333333,0.45,0.36092105263157853
0.17241379310344826,0.3243243243243243,0.025787965616045842,0.23711340206185563,0.7241379310344828,0.654320987654321,0.2499999999999858,0.8020833333333335,0.43749999999999994,0.7499999999999998
0.3275862068965517,0.6621621621621622,0.48424068767908307,0.25773195876288657,0.6293103448275863,0.6770987654320987,0.7499999999999861,0.3333333333333335,0.4124999999999999,0.1578947368421051
0.18931034482758619,0.4594594594594595,0.1461318051575931,0.4020618556701031,0.25000000000000006,0.43753086419753073,0.5,0.44791666666666696,0.38333333333333325,0.2894736842105261
0.09770114942528732,0.4054054054054054,0.025787965616045842,0.5979381443298968,0.36206896551724144,0.6419753086419755,0.5,0.3645833333333335,0.25000000000000006,0.5986842105263157
0.26436781609195403,0.44594594594594594,0.07736389684813752,0.4742268041237112,0.11206896551724141,0.25308641975308643,0.5,0.15625,0.3333333333333333,0.26315789473684204
0.1690804597701149,0.44702702702702724,0.031518624641833796,0.3298969072164948,0.42241379310344834,0.4938271604938272,0.5,0.29166666666666696,0.3458333333333334,0.3157894736842104
0.2360919540229885,0.4189189189189189,0.002865329512893984,0.41237113402061853,0.24137931034482762,0.3583333333333333,0.5,0.4583333333333335,0.7166666666666666,0.26315789473684204
0.2967816091954023,0.39189189189189183,0.07163323782234957,0.23628865979381408,0.14655172413793105,0.3395061728395062,0.2699999999999869,0.4166666666666665,0.49166666666666664,0.6796052631578946
0.02298850574712641,0.6621621621621622,0.01719197707736389,0.3402061855670102,0.46551724137931033,0.6172839506172841,0.5,0.375,0.3333333333333333,0.2894736842105261
0.3908045977011494,0.4975675675675676,0.5042979942693409,0.5154639175257729,0.4343965517241382,0.7283950617283952,0.7499999999999858,0.25,0.4124999999999999,0.2236842105263157
0.22988505747126434,0.3783783783783784,0.0487106017191977,0.39175257731958757,0.3178448275862069,0.38271604938271603,0.2499999999999858,0.375,0.10416666666666669,0.6973684210526316
0.5229885057471264,0.3108108108108108,0.28366762177650434,0.23711340206185563,0.31034482758620696,0.4753086419753087,0.5,0.38541666666666696,0.25000000000000006,0.43421052631578916
0.1551724137931034,0.44594594594594594,0.15472779369627507,0.28865979381443296,0.5344827586206897,0.506172839506173,0.2499999999999858,0.40625,0.36758333333333354,0.5789473684210524
0.3390804597701149,0.06756756756756757,0.0,0.3877319587628863,0.10344827586206898,0.08024691358024692,0.5,0.5833333333333335,0.15833333333333338,0.21052631578947345
0.3368390804597704,0.1891891891891892,0.28653295128939826,0.3711340206185566,0.5517241379310346,0.6851851851851852,0.5,0.46875,0.25000000000000006,0.17105263157894712
